441
442
444
500
501
536
552
726
740
844
956
1013
1015
1016
1033
1036
1054
1236
1255
1336
1337
1402
1410
1484
1486
1489
1492
1496
1498
1578
1606
1699
1738
1739
1788
1883
1915
1918
1919
2042
2061
2130
2132
2134
2199
2201
2204
2406
2412
2416
2448
2453
2498
2532
2545
2594
2597
2810
2815
2830
2851
2856
2896
2898
2907
2971
2973
3148
3278
3311
3481
3748
3822
3832
3912
3972
3996
3997
4000
4027
4028
4084
4096
4156
4309
4323
4354
4376
4474
4484
4530
4668
4751
4798
4808
4846
4890
4894
4897
4935
4960
4964
4993
5098
5105
5259
5295
5311
5362
5495
5538
5545
5548
5598
5601
5602
5604
5606
5608
5609
5610
5727
5758
5760
5768
5793
5834
6050
6051
6064
6087
6166
6168
6220
6342
6420
6547
6569
6716
6761
6764
6767
6819
6826
6827
6855
6859
6887
6889
6891
6958
7053
7055
7065
7215
7222
7224
7278
7279
7306
7309
7312
7318
7327
7328
7338
7339
7342
7357
7359
7365
7367
7395
7408
7421
7426
7429
7436
7473
7485
7492
7496
7593
7669
7884
7891
7977
8009
8020
8021
8058
8078
8089
8105
8126
8194
8292
8388
8390
8400
8402
8462
8463
8715
8743
8755
8792
8805
8837
8839
8840
8869
8871
8882
8884
8925
9041
9047
9049
9138
9228
9248
9298
9313
9314
9315
9316
9339
9359
9384
9414
9417
9439
9440
9457
9462
9463
9512
9515
9516
9520
9528
9532
9535
9582
9586
9589
9601
9690
9831
9842
9859
9922
9963
10091
10093
10255
10555
10567
10584
10628
10676
10710
10743
10800
10829
10862
11065
11081
11172
11187
11331
11363
11548
11605
11606
11607
11608
11616
11619
11622
11627
11628
11719
11720
11729
11749
11766
11777
11866
11987
11989
11995
12201
12202
12203
12210
12251
12264
12465
12466
12470
12496
12527
12540
12658
12685
12796
12871
12929
12930
12934
12944
12949
12991
12998
13034
13035
13069
13077
13304
13340
13420
13441
13493
13548
13569
13571
13578
13597
13604
13607
13608
13652
13686
13805
14029
14030
14080
14128
14183
14208
14211
14215
14443
14494
14495
14496
14535
14656
14698
14795
14796
14800
14802
14807
14810
14819
14824
14825
14832
14850
14874
14876
14882
14907
14911
14980
14986
15027
15042
15102
15213
15334
15337
15392
15724
15725
15727
15830
15939
16102
16104
16106
16128
16177
16223
16331
16339
16340
16429
16542
16567
16824
16827
16957
16989
17080
17095
17183
17227
17252
17273
17274
17421
17424
17517
17669
17671
17673
17674
17675
17692
17859
17870
17976
17986
18026
18067
18071
18108
18170
18204
18216
18219
18232
18233
18240
18355
18356
18357
18398
18407
18501
18507
18515
18625
18633
18657
18682
18889
18903
18905
18985
18988
19006
19009
19016
19017
19018
19118
19203
19228
19233
19241
19315
19634
19636
19667
19781
19784
19786
19860
19866
19900
20008
20031
20047
20209
20267
20275
20276
20277
20321
20366
20402
20405
20409
20461
20580
20620
20621
20623
20631
20646
20685
20861
20881
21025
21163
21177
21178
21181
21294
21412
21545
21553
21583
21584
21588
21593
21597
21601
21666
21720
21739
21753
21755
21804
21806
22036
22077
22084
22091
22095
22147
22309
22311
22313
22314
22315
22322
22324
22329
22332
22339
22416
22584
22610
22702
22759
22791
22844
22846
22848
22874
22951
22953
22956
22972
22976
22999
23022
23058
23185
23186
23187
23195
23199
23205
23222
23248
23385
23467
23470
23491
23634
23635
23638
23639
23640
23751
23854
23883
23958
23964
23967
23987
24003
24005
24029
24051
24059
24118
24121
24139
24141
24171
24176
24179
24194
24244
24274
24362
24379
24380
24385
24431
24438
24441
24444
24474
24573
24582
24585
24648
24676
24683
24686
24687
24689
24690
24691
24693
24851
24852
24855
24856
24881
24886
24914
24931
25053
25078
25081
25096
25171
25193
25221
25260
25264
25267
25354
25372
25387
25391
25422
25426
25430
25431
25432
25461
25465
25471
25483
25486
25506
25507
25508
25510
25512
25515
25532
25558
25561
25570
25605
25614
25664
25680
25906
25933
26023
26240
26242
26243
26303
26304
26312
26331
26339
26340
26365
26366
26369
26374
26376
26390
26398
26499
26507
26509
26739
26741
26747
26775
26779
26781
26786
26788
26789
26790
26795
26809
26811
26813
26815
26817
26845
26856
26886
26962
27092
27094
27183
27193
27202
27224
27233
27235
27239
27263
27440
27541
27619
27622
27625
27756
27757
27758
27764
27765
27766
27771
27932
27938
27943
27949
27965
28020
28046
28051
28149
28154
28156
28161
28169
28366
28433
28505
28509
28510
28512
28513
28514
28552
28578
28585
28629
28716
28718
28739
28773
28914
29168
29271
29290
29294
29330
29343
29482
29496
29588
29606
29629
29732
29733
29746
29774
29925
29958
29978
29988
30004
30063
30072
30080
30087
30091
30116
30140
30262
30384
30465
30495
30690
30762
30765
30766
30771
30772
30775
30776
30778
30780
30784
30949
30990
31044
31059
31148
31216
31218
31245
31408
31410
31424
31430
31474
31486
31551
31653
31668
31829
31840
31851
31863
31870
31909
31987
32001
32036
32038
32074
32161
32192
32210
32216
32285
32288
32333
32445
32681
32684
32729
32733
32755
32760
32769
32845
32893
32938
32941
32942
32946
32949
32953
32954
32964
32966
32968
33036
33333
33373
33377
33378
33386
33388
33398
33435
33446
33448
33516
33524
33561
33570
33576
33578
33583
33598
33906
33938
33956
33960
33989
33992
34051
34060
34118
34375
34376
34410
34411
34485
34491
34547
34580
34591
34673
34693
34697
34714
34797
34822
34908
34919
34998
35051
35052
35113
35114
35118
35123
35138
35206
35246
35265
35315
35365
35390
35487
35531
35569
35574
35589
35730
35733
35758
35812
35815
35840
35842
35894
35913
36048
36067
36112
36167
36173
36189
36190
36209
36288
36289
36328
36371
36406
36408
36459
36487
36491
36534
36575
36580
36647
36667
36670
36697
36710
36712
36721
36723
36766
36816
36819
36842
36847
36881
36897
36905
36924
36939
37020
37032
37046
37103
37139
37385
37393
37481
37511
37963
37964
37967
37992
37995
38004
38014
38020
38025
38027
38029
38238
38249
38254
38303
38344
38443
38473
38557
38673
38684
38754
38789
38790
38792
38793
38860
38983
38994
39070
39280
39295
39301
39303
39304
39344
39345
39408
39417
39467
39561
39715
39790
39817
39820
39857
39858
39859
39926
39949
39979
40177
40183
40242
40244
40316
40444
40479
40496
40534
40538
40549
40557
40580
40607
40617
40618
40619
40620
40622
40755
40769
40792
40865
40871
40878
40880
40881
40932
40958
40965
41026
41093
41096
41123
41125
41174
41207
41252
41254
41256
41259
41296
41319
41397
41401
41493
41494
41520
41521
41565
41572
41607
41617
41632
41643
41646
41653
41686
41691
41692
41752
41803
41824
41898
41901
41941
42125
42126
42394
42395
42396
42427
42517
42616
42617
42622
42623
42625
42630
42635
42639
42650
42657
42677
42678
42733
42748
42774
42776
42801
42927
42932
42957
43056
43060
43077
43372
43390
43391
43454
43475
43607
43611
43615
43626
43627
43632
43656
43660
43807
43817
43824
43952
43965
43973
43974
43995
43996
43998
44021
44044
44097
44103
44104
44137
44138
44142
44170
44250
44258
44322
44325
44332
44336
44370
44439
44450
44599
44608
44610
44808
44899
44965
44973
44977
45104
45121
45148
45186
45189
45206
45213
45278
45289
45292
45295
45297
45299
45307
45311
45346
45396
45503
45560
45571
45582
45584
45585
45586
45587
45620
45625
45640
45702
45704
45713
45773
45774
45775
45778
45834
45846
45865
45875
45881
46073
46162
46231
46240
46303
46324
46329
46527
46529
46541
46543
46552
46557
46773
46775
46777
46781
46783
46784
46785
46933
46978
46980
46985
47066
47067
47068
47069
47072
47073
47102
47282
47298
47314
47321
47349
47417
47429
47439
47455
47504
47715
47720
47722
47898
47945
48016
48089
48092
48139
48140
48148
48150
48257
48418
48431
48500
48515
48516
48518
48566
48567
48604
48610
48792
48796
48823
48925
49023
49132
49143
49268
49280
49281
49467
49598
49690
49697
49698
49700
49739
49809
49826
49854
49948
50084
50109
50216
50254
50258
50267
50296
50373
50376
50383
50390
50447
50448
50510
50514
50556
50557
50558
50559
50579
50580
50581
50582
50602
50713
50714
50715
50716
50899
50900
50906
50956
50997
51011
51104
51118
51119
51213
51224
51294
51384
51397
51438
51492
51534
51562
51563
51564
51572
51573
51574
51609
51611
51714
51736
51739
51740
51754
51764
51783
51786
51877
51904
51958
51974
52021
52033
52034
52041
52042
52106
52231
52245
52328
52377
52378
52390
52454
52459
52655
52659
52663
52665
52674
52676
52681
52720
52722
52781
52852
52853
52855
52858
52890
52918
52938
52939
52977
53025
53041
53048
53062
53071
53073
53189
53346
53422
53454
53457
53476
53477
53478
53479
53490
53491
53536
53537
53538
53540
53542
53546
53552
53556
53609
53701
53712
53729
53734
53735
53768
53817
53883
53987
54011
54014
54033
54139
54207
54246
54284
54286
54410
54462
54463
54467
54485
54491
54521
54546
54562
54701
54705
54711
54763
54765
54864
54870
54921
54926
54931
54945
54951
54969
55002
55007
55013
55120
55140
55449
55457
55467
55471
55473
55480
55528
55531
55532
55533
55560
55566
55607
55827
55832
55838
55971
56025
56032
56033
56100
56304
56350
56482
56558
56560
56561
56608
56646
56691
56889
56891
56901
56904
56978
57014
57015
57017
57021
57032
57405
57425
57426
57427
57428
57430
57469
57475
57510
57543
57544
57549
57551
57553
57587
57611
57625
57628
57631
57654
57826
57829
57835
57857
57993
57994
57998
58002
58258
58260
58263
58265
58294
58368
58373
58453
58561
58675
58688
58757
58917
58925
59063
59084
59085
59087
59190
59192
59193
59395
59537
59543
59547
59551
59691
59694
59695
59696
59720
59770
59866
59968
59969
59970
59971
59977
60123
60195
60378
60452
60481
60487
60505
60506
60508
60509
60526
60529
60616
60673
60682
60797
60818
60828
60831
60836
60891
60893
60896
60904
60905
60910
60919
60959
60965
61027
61079
61099
61110
61225
61236
61293
61437
61455
61518
61561
61573
61577
61607
61677
61681
61717
61734
61757
61767
61768
61834
61907
61993
62061
62063
62066
62071
62074
62076
62079
62124
62189
62191
62192
62193
62432
62479
62520
62545
62546
62636
62694
62698
62945
63051
63104
63153
63154
63156
63157
63317
63416
63420
63422
63436
63444
63446
63453
63458
63459
63477
63492
63535
63536
63542
63545
63549
63556
63557
63560
63561
63568
63572
63573
63605
63625
63726
63752
63761
63774
63846
63909
63929
63935
63936
63940
63968
63998
64002
64003
64005
64009
64156
64282
64285
64286
64482
64490
64496
64603
64672
64688
64690
64924
64990
64997
64998
65000
65040
65084
65269
65292
65388
65389
65391
65392
65393
65401
65408
65412
65414
65416
65419
65420
65512
65586
65587
65668
65760
65766
65767
65777
65781
65865
65867
65877
65888
65920
65949
66011
66058
66063
66103
66114
66124
66139
66166
66175
66181
66186
66241
66256
66273
66289
66306
66329
66456
66461
66487
66488
66493
66495
66560
66562
66619
66675
66725
66766
66987
66988
66989
66994
66995
66996
67018
67070
67071
67086
67423
67483
67492
67557
67581
67591
67605
67640
67648
67650
67651
67657
67662
67916
67952
67954
68135
68147
68179
68220
68444
68451
68457
68549
68568
68597
68603
68614
68615
68620
68627
68644
68766
68838
68858
68877
68900
68985
68991
69019
69099
69195
69289
69317
69333
69591
69592
69593
69594
69610
69726
69743
69748
69750
69754
69868
69872
69891
69893
69927
69929
69978
69991
70021
70036
70100
70145
70217
70225
70261
70392
70394
70396
70486
70487
70578
70580
70593
70675
70676
70683
70684
70758
70764
70765
70766
70908
70954
70957
70960
71011
71012
71019
71027
71199
71221
71222
71228
71344
71395
71400
71414
71438
71459
71479
71626
71822
71823
71827
71831
71834
71851
71852
71853
71860
71861
71862
71863
71864
71866
71867
71868
71875
71880
71881
71998
72115
72116
72118
72119
72192
72269
72274
72324
72360
72362
72363
72370
72373
72374
72378
72427
72524
72561
72678
72845
73010
73024
73026
73028
73038
73078
73079
73082
73083
73087
73091
73145
73146
73251
73252
73256
73257
73261
73264
73265
73266
73589
73598
73626
73629
73656
73657
73658
73659
73660
73661
73662
73673
73700
73701
73702
73703
73768
73794
73880
73896
73935
73941
73966
73967
73983
73986
73987
74087
74091
74245
74355
74358
74386
74387
74392
74421
74431
74557
74558
74635
74636
74638
74639
74647
74648
74649
74656
74683
74691
74727
74728
74730
74746
74780
74901
74952
74993
75000
75004
75031
75032
75035
75054
75150
75232
75236
75240
75241
75285
75294
75326
75351
75372
75382
75388
75393
75460
75462
75482
75491
75560
75718
75804
75854
75888
75901
75973
76045
76092
76093
76095
76096
76098
76099
76265
76290
76315
76320
76321
76328
76331
76335
76336
76404
76405
76413
76435
76455
76458
76470
76509
76518
76549
76562
76628
76646
76658
76698
76710
76735
76738
76781
76783
76820
76844
76849
76874
76877
76893
76921
76947
76999
77003
77010
77012
77040
77041
77043
77056
77061
77177
77206
77215
77216
77274
77383
77477
77547
77555
77562
77563
77566
77567
77572
77833
77876
77913
78051
78053
78054
78121
78258
78261
78307
78334
78370
78393
78398
78489
78498
78499
78503
78506
78614
78617
78661
78820
78827
78873
79001
79051
79092
79156
79232
79260
79273
79316
79319
79422
79423
79424
79427
79428
79429
79430
79431
79432
79434
79440
79441
79442
79448
79461
79462
79479
79480
79522
79656
79658
79660
79672
79673
79674
79692
79736
79776
79779
79783
79835
79989
80064
80071
80166
80186
80187
80204
80209
80233
80240
80244
80246
80248
80249
80298
80310
80535
80539
80581
80640
80644
80662
80668
80676
80706
80861
80894
80901
80929
81015
81036
81431
81475
81539
81590
81655
81660
81709
81803
81810
81816
81824
81829
81835
81842
81848
81850
81868
81887
81891
81894
81897
81900
81922
82094
82456
82458
82471
82472
82483
82494
82554
82556
82558
82562
82564
82617
82621
82625
82656
82670
82725
82726
82728
82764
82768
82782
82783
82843
82923
82945
82996
82999
83015
83088
83102
83289
83315
83319
83328
83330
83351
83466
83471
83531
83539
83541
83547
83656
83829
83851
83865
83984
84007
84071
84073
84096
84099
84147
84149
84168
84247
84254
84263
84400
84437
84510
84520
84523
84535
84576
84581
84674
84734
84764
84776
84780
84835
84841
84952
84968
85027
85076
85083
85100
85141
85182
85189
85245
85247
85298
85302
85311
85356
85528
85569
85611
85657
85775
85781
85799
85800
85849
85948
86007
86009
86045
86098
86171
86223
86251
86264
86304
86408
86413
86623
86689
86743
86746
86757
86822
86852
86927
86929
86948
86981
87010
87030
87064
87066
87071
87117
87150
87169
87178
87257
87259
87262
87263
87290
87296
87313
87344
87354
87445
87490
87504
87506
87516
87519
87539
87540
87620
87654
87672
87704
87708
87723
87806
87807
87838
88015
88055
88058
88375
88377
88400
88402
88496
88544
88582
88587
88651
88743
88753
88783
88798
88805
88912
89011
89029
89031
89078
89092
89094
89129
89140
89205
89305
89306
89334
89437
89439
89462
89463
89465
89466
89492
89493
89707
89741
89742
89841
89842
89947
89951
89996
90000
90020
90091
90095
90097
90101
90103
90124
90127
90177
90182
90193
90230
90231
90233
90234
90329
90363
90364
90370
90409
90422
90516
90519
90623
90647
90649
90651
90652
90653
90673
90763
90765
90769
90779
90787
90867
90913
91148
91149
91150
91205
91216
91288
91317
91335
91338
91340
91407
91450
91556
91687
91854
91856
91946
91955
91980
91996
92028
92042
92055
92155
92164
92165
92213
92263
92360
92362
92508
92574
92729
92735
92766
92776
92780
92784
92827
93042
93132
93345
93383
93384
93387
93564
93583
93647
93652
93668
93725
93728
93731
93746
93803
93804
93873
93958
93961
93962
93964
93965
94024
94062
94067
94074
94077
94080
94097
94180
94182
94183
94316
94331
94335
94336
94436
94450
94455
94466
94467
94625
94627
94675
94677
94685
94694
94696
94700
94879
94949
94950
94951
94952
95009
95057
95071
95072
95073
95074
95075
95076
95077
95078
95079
95104
95167
95222
95224
95228
95231
95232
95233
95234
95235
95244
95246
95341
95415
95637
95649
95662
95665
95671
95684
95712
95967
95973
95975
95979
96094
96132
96156
96193
96197
96222
96251
96363
96461
96463
96464
96486
96492
96497
96503
96507
96620
96623
96625
96680
96688
96743
96802
96904
96926
96927
96928
96968
96991
96993
97104
97110
97114
97159
97160
97175
97348
97351
97407
97459
97464
97472
97475
97484
97526
97527
97535
97661
97663
97760
97762
97764
97810
98046
98060
98068
98069
98082
98087
98200
98236
98301
98362
98385
98392
98541
98565
98572
98777
98798
98866
98879
98887
98918
98925
98930
98956
98957
99003
99122
99170
99206
99228
99395
99412
99415
99424
99596
99599
99655
99657
99672
99673
99693
99701
99705
99706
99842
99904
99924
99927
100032
100040
100041
100050
100110
100112
100120
100123
100169
100236
100422
100426
100427
100436
100453
100457
100520
100600
100610
100615
100751
100809
100817
100873
100885
100886
100905
100934
100935
101017
101115
101134
101140
101153
101288
101289
101291
101338
101342
101372
101425
101431
101438
101439
101533
101612
101649
101651
101680
101697
101707
101716
101747
101748
101757
101773
101816
101850
101874
101898
101908
101915
101917
101919
101922
101928
102002
102083
102087
102101
102236
102238
102274
102278
102293
102307
102309
102313
102387
102389
102401
102522
102523
102528
102529
102579
102588
102628
102630
102632
102696
102745
102747
102748
102749
102750
102751
102752
102766
102828
102829
102869
102877
102902
102914
102949
103124
103136
103150
103163
103240
103334
103423
103512
103610
103612
103673
103679
103682
103685
103686
103689
103695
103937
103965
104148
104167
104211
104218
104220
104251
104266
104333
104413
104426
104433
104444
104519
104532
104765
104897
104911
104989
105009
105028
105263
105314
105331
105334
105387
105431
105434
105446
105549
105551
105654
105764
105766
105811
105829
105831
105868
105870
105929
105950
105951
105954
105971
105974
105976
106013
106039
106057
106060
106062
106065
106089
106145
106220
106222
106225
106237
106243
106246
106279
106310
106317
106335
106336
106367
106520
106565
106605
106631
106647
106662
106665
106673
106675
106680
106892
106994
106997
107008
107038
107063
107093
107240
107250
107269
107451
107603
107604
107605
107608
107609
107655
107710
107711
107712
107880
107892
107903
107945
107976
108032
108067
108086
108124
108125
108127
108160
108173
108247
108288
108298
108304
108312
108341
108353
108419
108430
108490
108519
108576
108582
108583
108636
108702
108746
108747
108809
108980
108992
109386
109424
109465
109540
109544
109547
109550
109552
109553
109554
109634
109644
109675
109801
109831
109903
109915
109918
109937
109949
110067
110268
110289
110290
110299
110403
110464
110470
110516
110521
110523
110541
110829
110840
111064
111088
111120
111128
111136
111249
111250
111259
111284
111296
111406
111411
111485
111488
111507
111601
111605
111637
111660
111694
111704
111706
111709
111767
111789
111796
112097
112099
112103
112104
112136
112141
112143
112249
112255
112258
112325
112336
112384
112385
112386
112407
112408
112461
112462
112476
112480
112493
112498
112587
112590
112593
112594
112706
112935
112956
112970
112983
113010
113080
113127
113134
113135
113412
113413
113415
113424
113537
113538
113542
113546
113564
113573
113577
113579
113581
113582
113591
113771
113886
113890
113999
114001
114004
114009
114013
114022
114150
114151
114287
114333
114397
114604
114622
114629
114645
114647
114713
114813
114816
114832
114840
114843
114940
114942
114959
114960
115129
115130
115136
115145
115148
115208
115214
115242
115247
115264
115266
115387
115398
115410
115412
115425
115426
115450
115453
115599
115620
115621
115622
115727
115775
115809
115812
115851
115924
115954
115993
116047
116077
116078
116083
116135
116191
116195
116218
116233
116234
116237
116240
116295
116327
116434
116487
116488
116491
116495
116496
116528
116529
116532
116535
116563
116583
116590
116591
116596
116597
116613
116642
116686
116690
116691
116727
116728
116731
116766
116790
116795
116799
116801
116802
116911
116917
116919
116966
117098
117145
117165
117176
117178
117418
117494
117554
117556
117567
117576
117620
117622
117627
117652
117728
117732
117741
117746
117752
117767
117902
117903
117949
117950
117951
118008
118053
118056
118068
118085
118087
118195
118333
118342
118408
118409
118412
118649
118663
118664
118686
118690
118824
118873
118874
118876
119124
119137
119139
119144
119180
119196
119225
119227
119416
119479
119519
119557
119643
119662
119663
119664
119813
119866
119877
119923
119943
119958
120208
120238
120272
120288
120290
120297
120304
120329
120340
120358
120364
120374
120416
120547
120548
120560
120614
120617
120619
120685
120686
120690
120905
121010
121020
121036
121058
121081
121082
121085
121115
121133
121234
121241
121317
121361
121362
121364
121368
121375
121439
121534
121538
121539
121544
121546
121689
121767
121782
121795
121806
121807
121808
121810
121829
121902
121972
121974
121977
122000
122291
122307
122395
122442
122444
122454
122455
122456
122460
122461
122481
122490
122612
122629
122630
122647
122689
122694
122725
122947
123012
123014
123218
123219
123220
123268
123270
123275
123320
123358
123365
123408
123409
123410
123415
123457
123540
123542
123544
123545
123597
123611
123614
123615
123730
123792
123980
123982
123985
123988
124037
124040
124067
124112
124220
124244
124245
124246
124248
124310
124313
124314
124315
124316
124360
124367
124414
124415
124479
124480
124482
124483
124491
124492
124494
124542
124543
124590
124641
124809
124822
124825
124828
124850
124851
124863
124937
124943
124963
124987
124998
125016
125022
125044
125138
125171
125246
125308
125310
125484
125486
125593
125597
125601
125746
125748
125752
125753
125754
125755
125797
125831
125990
125999
126000
126062
126186
126202
126203
126221
126227
126264
126375
126376
126377
126390
126406
126408
126476
126703
126789
126792
126795
126798
126850
126853
126875
126876
126879
126900
126903
126914
126918
126919
126925
126927
126928
126942
126944
126946
126950
126972
126973
126988
126997
127252
127305
127423
127439
127515
127520
127548
127577
127596
127608
127634
127653
127654
127655
127658
127795
127811
128074
128110
128343
128420
128491
128531
128535
128539
128549
128568
128652
128712
128770
128808
128851
128864
128865
128920
128964
128968
128994
128995
129054
129060
129076
129094
129096
129097
129102
129112
129114
129118
129120
129133
129138
129156
129181
129187
129323
129350
129501
129591
129596
129613
129615
129630
129631
129637
129691
129728
129805
129819
130211
130233
130269
130271
130328
130329
130355
130356
130357
130359
130366
130459
130473
130477
130528
130565
130680
130708
130710
130797
130805
130845
130870
131004
131101
131131
131189
131386
131451
131467
131490
131496
131497
131500
131502
131505
131509
131513
131569
131588
131615
131623
131713
131779
131818
131944
131946
131986
132031
132605
132606
132609
132615
132622
132625
132630
132737
132738
132778
132779
132780
132792
132815
132816
132817
132819
132902
132943
132955
132985
132987
133001
133097
133100
133104
133109
133132
133202
133221
133239
133286
133298
133300
133304
133311
133313
133331
133477
133516
133521
133527
133549
133550
133558
133617
133789
133828
133837
133838
133876
133973
133974
134161
134162
134165
134166
134199
134213
134226
134259
134435
134437
134456
134517
134570
134606
134610
134627
134653
134657
134666
134699
134769
134877
134878
134880
134955
134956
135055
135074
135075
135174
135181
135251
135253
135256
135262
135267
135271
135274
135276
135297
135299
135328
135347
135408
135454
135470
135521
135525
135566
135706
135984
136007
136020
136071
136081
136215
136267
136270
136383
136422
136457
136475
136476
136479
136488
136512
136516
136546
136547
136692
136788
136791
136841
136846
136904
136905
137019
137020
137022
137023
137024
137025
137026
137034
137074
137088
137089
137093
137095
137188
137276
137362
137384
137473
137574
137809
137827
137933
137989
137999
138005
138102
138155
138299
138300
138316
138382
138383
138467
138486
138495
138546
138585
138629
138632
138636
138915
138972
138980
139000
139003
139033
139035
139043
139082
139094
139154
139211
139228
139267
139331
139338
139457
139733
139734
139735
139737
139823
139824
139828
139830
139850
139926
140029
140051
140082
140090
140103
140105
140106
140344
140410
140429
140440
140703
140704
140730
140743
140746
140767
140768
140902
140981
140988
141006
141012
141013
141016
141024
141030
141035
141037
141040
141042
141059
141064
141155
141159
141228
141278
141321
141430
141537
141598
141601
141619
141856
141893
141978
142019
142025
142044
142106
142108
142111
142125
142132
142146
142147
142182
142190
142363
142373
142380
142383
142396
142463
142490
142491
142492
142494
142663
142675
142699
142700
142702
142708
142738
142745
142746
142748
142750
142835
142836
142838
142839
142973
142976
143007
143009
143049
143134
143135
143136
143138
143139
143234
143236
143355
143477
143538
143574
143576
143627
143659
143661
143669
143681
143816
143887
143892
143990
144005
144028
144054
144100
144104
144134
144199
144234
144332
144339
144363
144435
144452
144469
144478
144479
144482
144485
144536
144544
144554
144557
144559
144581
144582
144635
144645
144647
144649
144650
144806
144810
144811
144819
144875
144893
144902
144910
145114
145134
145135
145152
145155
145158
145159
145160
145161
145162
145163
145167
145168
145169
145258
145467
145507
145508
145510
145511
145517
145524
145551
145563
145591
145607
145611
145619
145633
145634
145635
145637
145644
145645
145647
145733
145805
145859
145891
145902
145938
145940
145943
145947
145990
145993
146035
146126
146127
146128
146130
146132
146133
146134
146136
146248
146331
146334
146340
146350
146358
146458
146471
146481
146483
146520
146521
146549
146581
146683
146685
146690
146691
146692
146693
146695
146696
146719
146745
146798
146836
146837
146838
146839
146841
146842
146911
146960
147082
147083
147095
147135
147182
147186
147214
147216
147218
147220
147278
147348
147449
147548
147840
147849
147952
147967
147972
148025
148029
148070
148089
148104
148116
148338
148393
148416
148420
148456
148467
148481
148494
148503
148628
148846
148855
148947
149029
149082
149091
149214
149215
149216
149217
149227
149228
149229
149236
149237
149238
149321
149336
149354
149369
149370
149442
149483
149484
149488
149517
149652
149809
149821
149913
150046
150054
150212
150331
150361
150393
150402
150407
150409
150415
150417
150429
150467
150488
150498
150526
150528
150529
150530
150531
150532
150540
150543
150597
150612
150627
150656
150664
150666
150715
150717
150783
150933
150988
151014
151022
151040
151052
151068
151070
151071
151094
151106
151108
151110
151111
151113
151114
151116
151117
151187
151195
151235
151236
151238
151239
151300
151462
151551
151555
151588
151608
151677
151682
151685
151695
151702
151739
151803
151807
151809
151932
151986
152079
152083
152085
152101
152109
152124
152171
152177
152183
152215
152217
152378
152385
152405
152406
152407
152408
152463
152487
152489
152520
152650
152651
152652
152655
152667
152672
152697
152734
152742
152822
152826
152828
152830
152831
152833
152959
152964
153015
153017
153025
153028
153029
153032
153069
153144
153148
153237
153238
153289
153355
153358
153359
153360
153420
153449
153527
153528
153578
153614
153646
153697
153705
153730
153744
153746
153750
153753
153754
153755
153763
153764
153770
153771
153773
153802
153803
153805
153874
153971
153978
154241
154250
154254
154255
154258
154264
154350
154354
154358
154416
154434
154440
154454
154632
154753
154755
154756
154757
154785
154798
154872
154875
154879
154907
154923
155078
155221
155363
155384
155389
155414
155419
155434
155441
155442
155447
155457
155464
155531
155543
155554
155831
155835
155837
155854
155928
155944
155951
155953
155956
155958
155960
155961
156046
156074
156107
156111
156340
156341
156355
156370
156450
156467
156471
156606
156651
156675
156678
156710
156719
156725
156758
156762
156875
156893
156917
156920
156921
156923
156932
156957
157078
157091
157132
157318
157338
157357
157428
157430
157434
157436
157439
157453
157513
157550
157570
157668
157670
157671
157672
157675
157726
157727
157739
157764
157766
157819
157885
157929
157931
157934
157937
157942
157945
158006
158028
158060
158062
158087
158118
158177
158187
158209
158289
158291
158626
158629
158709
158720
158804
158811
158839
158856
158883
158908
159010
159014
159018
159024
159026
159030
159036
159059
159089
159107
159138
159172
159173
159197
159409
159414
159415
159436
159442
159552
159557
159774
159775
159793
159794
159795
159821
159829
159830
159833
159870
159900
159915
160004
160005
160010
160107
160116
160118
160244
160247
160367
160412
160447
160450
160610
160638
160639
160861
160880
160881
160936
160938
160941
160968
160972
161004
161064
161066
161068
161081
161083
161101
161120
161160
161199
161223
161225
161227
161298
161302
161488
161491
161533
161694
161714
161767
161782
161808
161815
161817
161849
161870
161905
161909
161910
161923
161931
161953
161961
162030
162039
162081
162082
162086
162088
162149
162204
162205
162210
162212
162359
162373
162386
162635
162777
162781
162823
162896
162909
162910
162916
162927
162929
162934
162937
162981
162984
162987
162989
163022
163114
163123
163195
163526
163572
163595
163597
163607
163781
163793
163836
163848
163886
163912
163919
163922
164104
164205
164209
164212
164213
164227
164236
164346
164413
164435
164452
164490
164494
164528
164536
164542
164543
164551
164603
164614
164616
164618
164658
164659
164663
164664
164669
164696
164697
164712
164716
164758
164831
164883
164885
164889
165020
165157
165212
165214
165229
165245
165257
165272
165365
165701
165706
165730
165733
165741
165743
165780
165799
165816
165820
165821
165823
165826
165827
165880
165977
166017
166018
166117
166118
166119
166129
166236
166357
166378
166388
166410
166418
166496
166619
166678
166712
166715
166724
166773
166779
166880
166919
166984
166985
166986
167084
167164
167167
167201
167230
167281
167282
167283
167367
167430
167434
167435
167641
167646
167659
167779
167781
167793
167821
167835
167905
168005
168050
168151
168152
168177
168189
168205
168208
168262
168264
168296
168319
168320
168323
168324
168330
168336
168343
168347
168563
168565
168639
168640
168750
168762
168778
168863
168892
168895
168898
168928
168969
168970
169008
169012
169049
169142
169188
169197
169204
169206
169207
169235
169406
169411
169430
169433
169437
169454
169517
169523
169881
169883
169947
169954
170136
170139
170296
170339
170356
170358
170384
170474
170481
170670
170776
170782
170795
170843
170950
171115
171119
171179
171181
171183
171184
171185
171261
171471
171650
171683
171688
171742
171890
171897
171981
171986
171988
172032
172035
172037
172044
172045
172065
172076
172099
172118
172315
172323
172336
172413
172414
172416
172485
172495
172541
172602
172607
172660
172751
172756
172992
173150
173151
173161
173171
173250
173313
173370
173422
173470
173663
173664
173666
173669
173670
173671
173673
173678
173778
173800
173844
173851
173855
173864
173866
173871
173925
173993
173994
174062
174134
174135
174140
174170
174176
174201
174212
174290
174388
174431
174433
174442
174520
174543
174558
174575
174700
174787
174788
174795
174796
174798
174874
174921
174928
174954
174961
174979
175004
175011
175018
175025
175242
175327
175328
175351
175432
175495
175592
175599
175606
175647
175746
175764
175829
175853
175869
175990
175992
176018
176042
176123
176125
176138
176166
176167
176215
176220
176221
176226
176234
176243
176244
176247
176249
176254
176311
176313
176412
176422
176423
176428
176432
176434
176436
176439
176487
176490
176492
176493
176501
176502
176503
176513
176631
176647
176749
176810
176828
176833
176883
176899
176988
177032
177035
177066
177077
177111
177115
177130
177156
177279
177287
177289
177357
177362
177374
177398
177423
177431
177441
177450
177451
177455
177460
177499
177505
177545
177569
177570
177572
177575
177579
177583
177681
177696
177787
177876
177882
177883
177888
177889
177894
177906
177922
177977
177978
178018
178066
178083
178102
178108
178109
178116
178117
178125
178220
178250
178314
178394
178404
178507
178530
178655
178817
178835
178867
178925
178965
179035
179205
179209
179213
179261
179310
179315
179339
179510
179615
179633
179640
179644
179683
179808
179862
179916
180042
180043
180044
180046
180079
180093
180098
180106
180137
180139
180177
180178
180180
180186
180383
180404
180414
180418
180468
180496
180603
180679
180680
180681
180682
180739
180762
180764
180782
180783
180784
180785
180787
181009
181017
181025
181029
181030
181033
181035
181037
181040
181151
181353
181361
181368
181369
181371
181484
181520
181615
181653
181668
181697
181706
181719
181747
181857
181882
181884
181916
181965
181967
181978
182015
182021
182102
182104
182110
182113
182118
182126
182127
182133
182134
182202
182206
182253
182340
182379
182384
182385
182526
182528
182545
182546
182554
182558
182641
182659
182661
182725
182728
182729
182734
182741
182781
182816
182822
182832
183246
183251
183271
183334
183336
183376
183404
183406
183408
183410
183411
183428
183431
183581
183586
183592
183597
183710
183746
183761
183805
183806
183808
183833
183861
183886
183889
183897
183931
183946
183947
183995
184029
184037
184060
184172
184183
184184
184323
184324
184325
184336
184434
184437
184438
184443
184449
184457
184531
184544
184638
184765
184770
184839
184845
184847
184848
184856
184857
184906
184975
184980
185001
185014
185050
185173
185222
185224
185281
185290
185334
185353
185354
185424
185428
185441
185459
185466
185467
185485
185590
185687
185729
185732
185738
185739
185767
185805
185817
185839
185844
185853
185996
186166
186169
186172
186173
186174
186179
186183
186187
186203
186229
186269
186271
186407
186503
186540
186550
186552
186554
186555
186599
186626
186659
186680
186725
186727
186761
186781
186810
186814
186849
186952
186968
186969
186970
186985
186992
186994
186998
187004
187014
187069
187115
187132
187143
187152
187168
187204
187206
187207
187269
187306
187480
187521
187527
187538
187544
187588
187593
187696
187708
187789
187793
187806
187822
187825
187827
187830
187833
187860
187877
187878
187879
187880
187882
187883
187884
187885
187886
187888
187890
187894
187895
187896
187900
187901
187903
187904
187905
187908
187910
187926
187928
187941
187942
187944
187956
187958
187960
187970
187978
188000
188007
188009
188010
188014
188015
188020
188065
188075
188281
188312
188424
188457
188535
188540
188549
188551
188552
188556
188557
188569
188571
188573
188579
188582
188583
188615
188706
188896
188939
189062
189066
189068
189129
189159
189213
189215
189327
189339
189340
189343
189349
189353
189368
189381
189419
189492
189500
189533
189831
189940
189941
189942
189944
189952
190021
190058
190075
190076
190080
190151
190152
190153
190157
190159
190165
190166
190197
190472
190510
190590
190671
190707
190717
190720
190721
190727
190731
190741
190742
190758
190778
190793
190855
190877
190878
190968
190969
191070
191128
191187
191352
191368
191415
191471
191473
191595
191600
191667
191743
191749
191814
191827
191828
191872
191893
191991
192068
192070
192074
192142
192165
192219
192238
192247
192307
192323
192324
192327
192334
192336
192340
192471
192572
192582
192682
192727
192759
192853
192854
192858
192888
192892
192893
192972
192979
192992
193049
193061
193138
193149
193172
193293
193345
193396
193397
193398
193399
193444
193478
193480
193534
193558
193559
193560
193561
193562
193649
193692
193699
193729
193825
193827
193829
193832
193863
193872
193948
193950
193952
194097
194201
194202
194205
194206
194214
194276
194278
194280
194288
194293
194382
194386
194387
194466
194546
194551
194552
194553
194554
194555
194558
194561
194562
194567
194568
194570
194574
194575
194576
194577
194592
194594
194596
194597
194601
194602
194603
194612
194616
194702
194710
194725
194726
194727
194728
194729
194735
194746
194760
194769
194959
194960
194961
194969
194970
195008
195012
195015
195112
195113
195115
195173
195179
195180
195259
195328
195334
195347
195348
195397
195457
195615
195616
195646
195656
195662
195675
195683
195689
195695
195742
195745
195747
195749
195788
195806
195814
195817
195874
195875
195895
195978
195979
195981
195982
195990
195991
196056
196065
196090
196223
196226
196250
196257
196472
196475
196482
196483
196484
196516
196519
196524
196571
196611
196673
196674
196808
196811
196820
196822
196823
196824
196844
196871
196873
196923
196986
196989
196995
197000
197023
197048
197084
197199
197329
197338
197339
197375
197381
197393
197398
197399
197404
197406
197409
197421
197422
197423
197436
197443
197471
197472
197474
197475
197480
197543
197617
197618
197677
197701
197703
197723
197726
197742
197747
197751
197761
197807
197810
197899
197906
197912
197919
197949
197957
197963
197998
198000
198158
198165
198169
198182
198188
198201
198235
198240
198247
198331
198338
198506
198578
198680
198701
198851
198881
198918
198958
199106
199290
199328
199332
199386
199390
199392
199396
199401
199404
199405
199407
199410
199413
199414
199415
199416
199417
199504
199506
199581
199589
199597
199598
199599
199680
199684
199813
200016
200035
200039
200044
200061
200072
200104
200108
200137
200140
200150
200216
200262
200265
200268
200491
200492
200493
200494
200496
200516
200527
200545
200560
200564
200632
200673
200677
200745
200937
200941
201018
201062
201069
201076
201147
201148
201153
201268
201292
201604
201611
201612
201613
201631
201636
201930
201971
202004
202006
202008
202036
202043
202057
202122
202125
202126
202129
202144
202175
202176
202177
202179
202198
202280
202284
202315
202372
202378
202433
202443
202511
202522
202525
202642
202762
202766
202768
202791
202825
202955
203009
203018
203255
203288
203329
203334
203336
203347
203471
203552
203558
203674
203686
203687
203688
203689
203707
203708
203709
203710
203798
203843
203935
203979
204135
204354
204500
204720
204724
204737
204744
204746
204788
204803
204857
204892
205019
205039
205100
205111
205112
205263
205265
205267
205324
205341
205346
205382
205385
205390
205395
205399
205522
205556
205650
205651
205968
205972
205992
205994
206039
206040
206048
206062
206063
206068
206100
206114
206116
206127
206131
206143
206144
206146
206172
206174
206176
206183
206301
206305
206306
206323
206332
206333
206337
206339
206403
206407
206408
206409
206410
206497
206501
206508
206513
206514
206517
206538
206539
206540
206573
206574
206599
206618
206717
206898
206899
206902
206973
206998
206999
207001
207081
207087
207128
207153
207208
207210
207215
207217
207279
207283
207291
207445
207480
207582
207591
207800
207801
207802
207804
207805
207820
207822
207884
207892
208018
208099
208107
208109
208110
208139
208149
208150
208162
208175
208178
208240
208276
208277
208278
208279
208281
208283
208284
208287
208288
208293
208496
208527
208560
208561
208589
208591
208733
208817
208859
208884
208885
208970
208972
209009
209041
209042
209050
209065
209300
209302
209306
209325
209434
209449
209472
209582
209587
209603
209668
209737
209745
209760
209764
209850
209851
209868
209997
210059
210074
210075
210076
210157
210161
210163
210167
210169
210170
210171
210175
210179
210180
210181
210186
210191
210202
210215
210216
210217
210218
210225
210359
210398
210444
210445
210446
210447
210455
210492
210505
210516
210518
210593
210647
210649
210666
210695
210696
210698
210703
210704
210725
210739
210805
210821
210841
210853
210855
210917
210925
210929
210993
211034
211041
211043
211044
211045
211046
211102
211129
211132
211138
211194
211357
211421
211477
211694
211716
211820
211830
211897
211911
212066
212120
212131
212163
212165
212232
212233
212255
212284
212367
212371
212374
212388
212638
212702
212863
212869
212907
212947
212982
212989
213254
213279
213280
213282
213298
213319
213337
213529
213531
213664
213667
213691
213704
213718
213719
213751
213764
213772
213776
213780
213783
213787
213838
214044
214050
214052
214081
214094
214112
214177
214178
214304
214305
214310
214312
214337
214366
214367
214373
214389
214392
214398
214400
214507
214696
214702
214709
214712
214735
214782
214828
214829
214890
214891
214893
214894
214900
214937
214962
215043
215170
215172
215208
215268
215381
215384
215493
215495
215506
215508
215527
215560
215603
215608
215611
215616
215617
215618
215620
215624
215652
215755
215900
215920
215924
215971
215978
215999
216002
216104
216107
216108
216156
216167
216269
216310
216353
216443
216445
216446
216492
216543
216591
216599
216620
216634
216646
216648
216670
216679
216728
216730
216735
216770
216796
216815
216827
216829
216831
216908
216970
216993
217029
217207
217208
217410
217531
217540
217541
217584
217591
217594
217630
217634
217639
217643
217649
217745
217750
217803
217814
217832
217842
217846
217847
217861
217955
218020
218048
218049
218050
218054
218105
218125
218129
218164
218173
218238
218321
218323
218325
218391
218406
218461
218555
218573
218595
218661
218663
218692
218811
218814
218828
218940
218941
218943
218970
218980
218992
218999
219035
219037
219040
219049
219062
219077
219128
219130
219276
219301
219456
219457
219459
219460
219464
219466
219478
219487
219642
219643
219644
219696
219699
219736
219737
219738
219740
219741
219742
219744
219745
219746
219748
219749
219750
219752
219753
219755
219756
219769
219771
219773
219777
219779
219832
219833
219898
219900
219909
219929
220021
220022
220042
220082
220098
220117
220135
220163
220240
220348
220351
220359
220370
220408
220411
220564
220632
220649
220652
220656
220690
220799
220859
220890
220930
220966
221025
221090
221127
221193
221194
221293
221302
221307
221400
221424
221448
221461
221531
221533
221536
221537
221539
221577
221581
221601
221612
221698
221726
221956
222130
222267
222293
222389
222408
222455
222487
222495
222514
222520
222541
222583
222585
222714
222782
222783
222788
222792
222800
222830
222832
222882
222889
222903
222971
223132
223141
223142
223217
223318
223383
223489
223501
223507
223559
223736
223737
223775
223779
223780
223791
223810
223819
223824
223829
223887
223901
223920
223939
223959
224144
224173
224177
224220
224284
224289
224297
224301
224393
224394
224448
224453
224455
224555
224556
224574
224576
224577
224651
224661
224668
224729
224730
224732
224747
224749
224855
224869
224992
224994
225068
225072
225100
225198
225250
225327
225354
225374
225491
225500
225558
225619
225623
225624
225731
225820
225824
225911
226001
226005
226026
226027
226029
226031
226113
226135
226136
226137
226138
226181
226186
226216
226226
226260
226275
226455
226466
226467
226468
226488
226490
226491
226493
226516
226519
226567
226609
226717
226895
226905
226909
226913
226914
226960
227004
227007
227049
227123
227129
227156
227166
227168
227172
227302
227328
227335
227349
227516
227551
227552
227564
227582
227586
227587
227588
227589
227590
227592
227593
227660
227662
227717
227740
227742
227943
228131
228259
228267
228268
228369
228370
228407
228431
228432
228473
228474
228476
228490
228492
228494
228555
228901
228941
228943
228945
228950
229014
229075
229140
229154
229157
229159
229171
229258
229263
229356
229357
229359
229361
229398
229414
229496
229518
229577
229584
229741
229805
229817
229913
229927
229929
229931
229936
230002
230011
230012
230013
230074
230086
230091
230188
230263
230283
230289
230293
230308
230344
230346
230350
230442
230494
230635
230637
230667
230681
230690
230708
230709
230765
230766
230784
230870
231036
231070
231084
231101
231117
231168
231183
231184
231187
231403
231452
231455
231456
231464
231470
231472
231559
231591
231628
231633
231721
231784
231838
232029
232034
232035
232039
232043
232044
232048
232060
232210
232239
232295
232426
232451
232452
232480
232516
232544
232547
232636
232736
232858
232904
232907
232914
232915
232918
233058
233059
233061
233160
233203
233428
233573
233580
233896
233926
233938
234093
234109
234111
234169
234170
234173
234239
234244
234581
234583
234599
234606
234646
234647
234688
234689
234691
234692
234694
234847
234853
234883
234891
234961
234987
234992
235050
235055
235126
235127
235148
235149
235150
235151
235175
235234
235236
235252
235259
235267
235353
235390
235399
235442
235456
235472
235479
235489
235491
235496
235506
235520
235522
235528
235602
235612
235682
235711
235712
235714
235715
235719
235724
235727
235789
235958
235995
235998
236000
236007
236009
236185
236186
236213
236261
236286
236287
236288
236296
236297
236304
236306
236407
236454
236524
236534
236548
236595
236614
236844
236907
236965
236972
236983
237118
237126
237178
237180
237181
237182
237190
237206
237289
237320
237394
237471
237472
237578
237582
237584
237588
237589
237591
237593
237595
237596
237732
237798
237799
237805
237806
237813
237815
237816
237830
237954
237955
237956
237958
237961
237966
238015
238016
238019
238020
238023
238025
238027
238028
238074
238083
238090
238110
238113
238116
238117
238132
238135
238182
238184
238241
238243
238260
238304
238457
238480
238528
238532
238536
238692
238695
238697
238772
238984
239020
239028
239115
239117
239132
239181
239189
239193
239196
239211
239214
239215
239234
239247
239249
239252
239295
239331
239356
239461
239464
239723
239725
239863
239952
239953
240003
240005
240058
240061
240078
240131
240282
240432
240564
240567
240571
240572
240580
240617
240678
240684
240735
240760
240772
240803
240810
240827
240828
240832
240835
240839
240891
240979
241003
241018
241030
241062
241069
241071
241072
241073
241100
241150
241179
241249
241409
241538
241579
241718
241754
241758
241767
241832
241954
241970
241982
241983
241994
242000
242010
242020
242173
242191
242392
242455
242460
242529
242625
242629
242645
242688
242707
242713
242798
242831
242839
242847
242876
242925
242926
242928
242930
242960
242961
242964
242965
242969
243086
243093
243109
243190
243191
243192
243197
243202
243203
243207
243211
243215
243257
243307
243446
243462
243464
243480
243527
243528
243602
243739
243759
243760
243761
243763
243767
243772
243776
243810
243812
243816
243819
243847
243849
243869
243877
243884
243887
243962
243965
243973
243975
244005
244022
244072
244078
244103
244104
244105
244106
244123
244128
244189
244204
244249
244367
244388
244390
244393
244486
244513
244549
244592
244609
244612
244626
244730
244744
244752
244801
244819
244820
244830
245119
245146
245149
245150
245276
245308
245552
245554
245732
245733
245738
245739
245740
245769
245786
245798
245895
245896
245900
245908
246283
246346
246353
246397
246409
246410
246427
246473
246516
246519
246654
246660
246677
246773
246775
246776
246779
246819
246918
246933
246937
246941
246948
246949
246990
247088
247099
247212
247229
247276
247486
247493
247495
247504
247531
247532
247533
247534
247535
247537
247561
247630
247678
247735
247736
247739
247750
247754
247756
247814
247824
247825
247980
247988
247989
247990
248000
248147
248158
248160
248202
248241
248242
248245
248246
248247
248248
248249
248250
248359
248361
248366
248370
248451
248482
248618
248619
248698
248700
248760
248979
249021
249022
249055
249063
249096
249100
249145
249151
249162
249168
249211
249244
249245
249250
249251
249372
249387
249393
249458
249467
249474
249601
249652
249654
249655
249657
249659
249772
249774
249796
249999
250210
250212
250286
250300
250301
250305
250312
250318
250544
250573
250583
250587
250636
250841
250856
250863
250867
250881
250885
250944
250946
250976
250977
250998
251000
251025
251027
251383
251385
251391
251444
251447
251448
251504
251544
251546
251549
251555
251566
251567
251572
251771
251776
251796
251811
251819
251829
251849
251852
251855
251959
251971
251991
252009
252200
252280
252285
252394
252404
252476
252495
252560
252587
252597
252630
252666
252701
252722
252791
252792
252877
252992
253009
253096
253192
253357
253359
253364
253367
253368
253369
253371
253372
253409
253412
253466
253525
253528
253531
253539
253540
253541
253543
253602
253608
253609
253621
253634
253693
253695
253753
253756
253759
253762
253772
253781
253786
253787
253821
253825
253922
253929
253930
253931
254107
254116
254119
254123
254127
254134
254147
254150
254189
254259
254343
254345
254455
254617
254619
254628
254642
254648
254653
254655
254660
254671
254673
254675
254679
254681
254686
254747
254781
254798
254800
254860
254878
254879
254881
254979
254982
254983
254987
254989
255196
255224
255259
255316
255346
255347
255381
255383
255385
255393
255404
255407
255448
255462
255476
255523
255525
255566
255568
255569
255620
255623
255702
255704
255732
255742
255768
255771
255833
255893
255894
255897
255917
255949
255964
255966
255973
256002
256126
256128
256244
256246
256247
256248
256251
256252
256253
256440
256441
256442
256443
256453
256454
256455
256457
256458
256460
256473
256493
256630
256699
256702
256708
256711
256733
256736
256742
256748
256799
256800
256801
256803
256804
256805
256812
256815
256834
256835
256838
256839
256842
256845
256848
256853
256855
256858
256859
256860
256874
256910
256914
256969
256974
256980
256986
256987
257010
257011
257012
257013
257076
257106
257145
257160
257161
257165
257171
257286
257294
257296
257309
257310
257476
257539
257556
257662
257663
257681
257849
257992
258018
258062
258316
258330
258373
258387
258470
258476
258477
258478
258479
258493
258608
258799
258801
258803
258804
258805
258826
258828
258878
258924
258966
258970
259000
259063
259068
259134
259200
259226
259231
259266
259289
259322
259421
259825
259936
259937
260091
260107
260110
260128
260133
260237
260276
260350
260354
260356
260499
260510
260736
260740
260871
260949
260970
260977
261014
261015
261022
261122
261123
261134
261144
261145
261161
261271
261273
261274
261346
261352
261353
261354
261355
261367
261394
261513
261517
261722
261736
261744
261912
261962
261963
261976
261985
262055
262057
262110
262163
262217
262218
262233
262265
262267
262279
262281
262342
262358
262370
262372
262405
262410
262412
262476
262603
262684
262722
262818
262973
263225
263256
263292
263353
263366
263386
263394
263522
263524
263595
263611
263702
263714
263720
263740
263745
263747
263748
263779
263821
263823
263824
263826
263828
263832
263838
263903
263915
263955
263956
263957
263958
263959
263960
263963
264038
264122
264127
264150
264490
264493
264564
264594
264599
264600
264637
264638
264643
264644
264661
264701
264702
264705
264729
264732
264736
264780
264785
264786
264787
264791
264914
264934
264954
265002
265043
265051
265073
265087
265096
265134
265187
265227
265301
265302
265303
265308
265309
265320
265328
265331
265391
265415
265416
265417
265418
265420
265421
265424
265425
265426
265432
265434
265436
265439
265544
265557
265585
265587
265594
265614
265616
265617
265650
265654
265669
265750
265871
265888
265893
265913
265917
265932
265948
266027
266097
266109
266128
266252
266263
266452
266496
266498
266535
266536
266558
266602
266604
266637
266657
266658
266659
266660
266661
266670
266672
266796
266803
266805
266807
266808
266812
266814
266816
266817
266818
266819
266821
266835
266941
266976
267080
267085
267095
267107
267109
267149
267154
267222
267241
267255
267273
267341
267363
267414
267572
267573
267574
267575
267624
267670
267742
267802
267839
267840
267975
267983
268064
268071
268144
268148
268153
268222
268223
268228
268232
268298
268299
268301
268304
268305
268423
268468
268470
268471
268478
268526
268529
268558
268587
268592
268613
268662
268678
268733
268763
268817
268829
268873
268893
268894
268896
268897
268902
268912
268970
269058
269072
269075
269087
269091
269099
269175
269284
269285
269286
269503
269537
269538
269581
269785
269882
269883
269884
269885
269886
269986
269987
269988
269991
269992
269993
270040
270086
270108
270109
270110
270177
270245
270246
270262
270263
270267
270269
270270
270278
270321
270383
270454
270455
270456
270459
270462
270466
270490
270496
270517
270531
270643
270662
270761
270768
270770
270827
270923
271035
271056
271057
271070
271078
271115
271132
271138
271140
271148
271201
271255
271348
271415
271581
271629
271664
271665
271666
271822
271824
271919
271978
272109
272209
272266
272314
272462
272463
272472
272480
272482
272561
272588
272686
272698
272702
272724
272736
272873
272911
272912
272916
272922
272926
272928
272930
272937
273032
273091
273187
273188
273407
273414
273418
273421
273431
273446
273470
273475
273491
273502
273529
273536
273554
273555
273557
273560
273762
273765
273784
273808
273811
273835
273837
273908
273910
273918
273930
273983
273984
273989
274004
274034
274159
274392
274470
274502
274529
274531
274712
274713
274779
274780
274781
274783
274812
274851
274852
274853
274859
274871
275077
275143
275157
275158
275165
275223
275277
275289
275399
275400
275466
275575
275581
275583
275585
275614
275627
275690
275748
275821
275843
275846
275847
275852
275859
276008
276020
276035
276044
276046
276050
276052
276140
276222
276225
276227
276319
276387
276410
276551
276795
276809
276810
276813
276990
276998
277040
277226
277228
277231
277280
277390
277423
277442
277446
277450
277469
277490
277653
277697
277698
277831
277843
277853
277862
278128
278145
278294
278299
278302
278305
278309
278391
278395
278426
278444
278518
278606
278675
278676
278740
278792
278846
278856
278857
278858
278871
278883
278901
278905
278993
278996
279000
279024
279032
279072
279213
279236
279298
279313
279405
279408
279409
279444
279452
279459
279493
279494
279496
279498
279499
279526
279551
279559
279572
279613
279624
279848
279867
279869
279870
280077
280415
280500
280565
280674
280718
280799
280886
280894
280895
280900
280910
280914
280978
281075
281143
281145
281151
281163
281168
281172
281224
281241
281245
281345
281366
281382
281384
281405
281406
281478
281525
281574
281578
281598
281599
281600
281683
281705
281719
281755
281818
281820
281873
282003
282080
282205
282221
282222
282295
282298
282302
282320
282371
282374
282382
282415
282416
282420
282421
282426
282513
282620
282644
282646
282664
282689
282690
282693
282703
282722
282735
282748
282912
282916
282932
282933
282934
282935
282954
282958
282961
282962
282970
282986
282997
283008
283033
283083
283090
283134
283315
283362
283363
283367
283368
283370
283380
283382
283390
283409
283410
283411
283429
283457
283464
283764
283817
283818
283878
283902
283905
283909
283938
283941
283943
283963
283973
284002
284169
284243
284249
284364
284366
284370
284371
284400
284422
284443
284482
284483
284484
284487
284579
284584
284585
284590
284591
284594
284602
284603
284642
284828
284985
284999
285003
285005
285022
285095
285134
285183
285246
285274
285275
285278
285351
285361
285378
285507
285511
285596
285652
285653
285657
285659
285664
285761
285793
285841
285860
285862
285872
285880
285931
285981
285982
286005
286030
286031
286032
286114
286121
286127
286241
286242
286243
286248
286249
286253
286256
286258
286260
286267
286275
286281
286284
286286
286320
286322
286357
286380
286470
286497
286539
286546
286550
286614
286615
286673
286744
286747
286857
286860
286862
286864
286866
286879
286952
286967
286968
286982
286983
286998
287032
287060
287061
287065
287069
287073
287189
287223
287292
287295
287356
287396
287449
287584
287639
287762
287786
287787
287806
287818
287914
287958
287966
287970
287974
287988
288079
288160
288377
288378
288424
288555
288574
288608
288628
288820
288822
288824
288881
288882
288884
289112
289117
289158
289161
289336
289475
289492
289493
289494
289498
289505
289509
289528
289725
289777
289863
290061
290157
290178
290189
290388
290439
290542
290584
290677
290789
290818
290842
290924
290926
290964
290965
290971
291037
291038
291164
291189
291190
291192
291198
291199
291205
291210
291238
291275
291360
291422
291503
291509
291513
291515
291591
291592
291623
291626
291632
291635
291638
291990
292009
292025
292042
292044
292088
292161
292162
292261
292262
292291
292294
292296
292306
292380
292427
292448
292539
292570
292571
292572
292574
292665
292728
292824
292825
292851
292857
292882
292888
292890
292891
292893
292969
293078
293200
293250
293285
293313
293319
293464
293468
293472
293634
293635
293636
293707
293708
293947
293960
293990
293992
293994
294086
294228
294261
294273
294285
294286
294361
294363
294451
294454
294455
294490
294583
294662
294709
294849
294852
294855
294915
294922
294923
294927
294947
294948
294951
294964
294968
294970
294979
294995
295214
295221
295331
295332
295334
295387
295391
295409
295421
295433
295437
295441
295443
295445
295475
295521
295568
295600
295602
295604
295668
295707
295770
295771
295782
295797
295799
295836
295837
295882
296037
296073
296146
296200
296201
296202
296203
296204
296207
296309
296311
296312
296322
296324
296325
296326
296327
296329
296330
296331
296392
296416
296420
296423
296499
296500
296501
296502
296505
296506
296507
296510
296511
296580
296585
296756
296758
296766
296969
296970
296974
296987
297013
297086
297093
297101
297139
297296
297313
297388
297395
297401
297436
297437
297444
297573
297638
297697
297698
297762
297767
297770
297772
297773
297781
297782
297806
298056
298061
298115
298121
298145
298419
298449
298467
298477
298520
298583
298614
298659
298770
298806
298905
298987
298991
299003
299006
299009
299013
299033
299034
299037
299042
299085
299145
299311
299352
299358
299359
299364
299406
299506
299532
299544
299549
299556
299560
299565
299583
299617
299684
299689
299691
299726
299728
299819
299822
299828
299830
299857
299858
299861
299862
299863
299867
299868
299869
299870
299874
299993
299994
300034
300096
300107
300117
300118
300155
300156
300157
300334
300364
300401
300522
300535
300548
300555
300668
300894
300895
300929
300974
300997
301029
301117
301121
301123
301166
301169
301247
301249
301255
301270
301397
301398
301429
301436
301445
301493
301506
301689
301696
301720
301757
301761
301762
301769
301770
301798
301804
301828
301930
301948
301952
302083
302088
302093
302104
302106
302107
302122
302127
302135
302139
302206
302214
302230
302244
302250
302254
302257
302260
302495
302548
302572
302581
302612
302624
302644
302672
302690
302722
302856
303013
303014
303020
303113
303137
303173
303212
303217
303260
303386
303412
303462
303536
303537
303540
303624
303634
303672
303673
303688
303689
303703
303704
303716
303717
303719
303722
303791
303796
303798
303799
303809
303895
303910
303911
303912
303917
303926
303927
303929
303930
303940
303941
303942
304065
304067
304081
304154
304174
304204
304238
304243
304260
304269
304475
304486
304502
304703
304888
304955
304958
305040
305041
305042
305043
305111
305132
305188
305254
305326
305340
305360
305478
305502
305503
305504
305604
305659
305664
305779
305787
305791
305795
305796
305860
305990
305991
305995
306002
306008
306014
306018
306024
306025
306031
306033
306044
306045
306052
306153
306160
306257
306325
306326
306332
306373
306420
306445
306485
306509
306617
306618
306663
306666
306675
306690
306691
306707
306747
306749
306753
306910
307012
307029
307131
307176
307182
307194
307364
307370
307372
307375
307443
307482
307484
307521
307532
307533
307563
307637
307741
307835
308069
308091
308104
308115
308118
308140
308154
308209
308239
308240
308245
308247
308251
308252
308341
308370
308421
308422
308449
308455
308460
308462
308527
308528
308531
308534
308548
308568
308623
308636
308676
308824
308867
308870
308883
308906
308907
308910
308916
308925
309090
309105
309133
309134
309151
309185
309203
309206
309338
309340
309371
309374
309379
309381
309387
309389
309441
309487
309513
309657
309660
309696
309700
309701
309704
309706
309707
309708
309716
309744
309895
309901
309919
309942
309964
309968
309984
309987
309989
309993
310002
310003
310011
310059
310122
310297
310309
310318
310320
310365
310556
310558
310582
310632
310645
310648
310650
310667
310675
310718
310746
310777
310821
310823
310828
310928
310982
311090
311092
311094
311095
311096
311098
311100
311210
311302
311311
311314
311335
311358
311369
311384
311421
311534
311548
311555
311612
311702
311715
311773
311777
311796
311797
311819
311821
311875
311913
311914
311925
311944
311945
311949
311970
312027
312028
312068
312103
312104
312106
312108
312113
312114
312116
312178
312181
312263
312292
312293
312322
312390
312428
312477
312478
312494
312501
312505
312506
312557
312576
312683
312684
312688
312693
312798
312875
312879
312937
312964
313011
313015
313018
313019
313023
313041
313056
313107
313122
313193
313202
313209
313210
313213
313232
313262
313320
313365
313370
313375
313405
313406
313478
313617
313660
313669
313674
313676
313738
313742
313751
313755
313776
313807
313813
313814
313815
313816
313820
313833
313834
313838
313839
313840
313842
313844
313847
313876
313882
313903
313944
313983
314027
314117
314170
314178
314217
314244
314356
314454
314570
314573
314576
314600
314661
314662
314694
314739
314769
314772
314773
314774
314832
314841
314862
314945
314951
314966
314970
315210
315290
315294
315296
315367
315371
315414
315466
315499
315501
315568
315573
315608
315803
315804
315854
316089
316094
316127
316242
316256
316259
316277
316307
316311
316318
316322
316325
316329
316335
316336
316338
316340
316346
316349
316461
316515
316552
316554
316672
316684
316765
316768
316837
316851
316852
316966
317036
317038
317041
317141
317143
317215
317236
317238
317307
317323
317324
317332
317338
317353
317354
317355
317356
317357
317460
317478
317484
317488
317745
318152
318158
318160
318188
318230
318499
318574
318697
318704
318707
318711
318737
318742
318765
318767
318769
318817
318831
318832
318841
318846
318895
318907
319001
319010
319020
319128
319136
319137
319140
319141
319142
319144
319145
319146
319171
319256
319266
319287
319297
319329
319350
319352
319436
319451
319563
319568
319707
319827
319828
319841
319970
319982
319992
320005
320021
320101
320102
320103
320370
320439
320445
320448
320778
320882
320921
320937
320943
320951
320993
320995
321042
321043
321046
321048
321104
321131
321225
321276
321354
321355
321358
321374
321376
321379
321444
321450
321548
321605
321636
321686
321892
321914
321918
321934
321951
321984
321988
322060
322087
322112
322120
322129
322396
322500
322617
322636
322642
322681
322684
