441
442
444
500
501
536
552
726
740
844
956
1013
1015
1033
1036
1054
1236
1255
1336
1337
1402
1410
1484
1486
1489
1492
1496
1498
1578
1606
1699
1738
1739
1883
1915
1918
1919
2042
2111
2130
2132
2134
2199
2201
2204
2406
2412
2416
2448
2453
2498
2532
2545
2594
2597
2764
2810
2815
2828
2851
2896
2971
2973
2996
3148
3278
3311
3481
3524
3748
3822
3832
3912
3997
4084
4096
4156
4309
4323
4354
4376
4474
4484
4530
4668
4751
4798
4808
4846
4894
4897
4935
4960
4964
4993
5098
5105
5127
5128
5129
5259
5311
5362
5538
5545
5548
5602
5604
5606
5608
5609
5610
5727
5758
5760
5768
5793
5834
6050
6051
6064
6087
6166
6168
6220
6342
6420
6547
6559
6561
6569
6716
6761
6764
6767
6819
6826
6827
6855
6887
6889
6891
6958
7053
7055
7065
7215
7222
7224
7278
7279
7306
7309
7312
7318
7327
7328
7338
7339
7342
7357
7359
7365
7367
7395
7407
7408
7409
7421
7426
7429
7436
7473
7485
7492
7496
7593
7669
7884
7891
8009
8020
8021
8058
8089
8105
8126
8194
8292
8388
8390
8400
8402
8462
8463
8743
8755
8805
8837
8839
8840
8845
8869
8871
8882
8884
9016
9041
9047
9049
9138
9298
9313
9314
9315
9316
9339
9359
9384
9414
9417
9439
9440
9457
9463
9512
9515
9516
9520
9528
9532
9535
9582
9586
9589
9601
9690
9831
9859
9922
9963
10091
10093
10192
10255
10555
10567
10628
10676
10710
10743
10800
10829
10862
11081
11172
11187
11331
11548
11605
11606
11607
11608
11616
11619
11622
11627
11628
11719
11720
11729
11749
11766
11866
11987
11989
11995
12201
12202
12203
12210
12251
12264
12464
12465
12466
12470
12527
12658
12685
12706
12929
12934
12944
12949
12991
12998
13069
13077
13304
13340
13420
13441
13493
13548
13569
13571
13578
13604
13607
13608
13652
13686
13805
13982
14029
14030
14080
14128
14183
14208
14211
14215
14404
14443
14493
14494
14495
14496
14535
14656
14658
14698
14795
14796
14800
14802
14807
14810
14819
14824
14825
14832
14850
14874
14876
14907
14911
14980
14986
15027
15042
15053
15102
15213
15334
15337
15392
15724
15725
15830
15939
16102
16104
16106
16128
16177
16223
16331
16340
16429
16542
16567
16827
16957
16989
17080
17095
17183
17252
17273
17274
17421
17424
17517
17671
17673
17674
17675
17692
17859
17976
18026
18067
18108
18170
18355
18356
18357
18398
18514
18515
18602
18625
18633
18657
18682
18889
18905
18985
19006
19009
19016
19017
19118
19203
19228
19233
19315
19633
19634
19636
19667
19781
19784
19786
19900
20008
20031
20047
20209
20266
20267
20275
20276
20277
20321
20366
20402
20405
20409
20461
20580
20620
20621
20623
20631
20646
20685
20859
20861
20881
21025
21163
21177
21178
21181
21294
21412
21480
21545
21584
21588
21593
21739
21753
21804
21806
21905
22036
22077
22083
22084
22090
22091
22095
22147
22255
22256
22309
22311
22313
22314
22315
22322
22329
22332
22339
22416
22584
22610
22702
22704
22791
22846
22848
22953
22956
22976
22999
23022
23058
23185
23186
23187
23195
23205
23222
23248
23385
23467
23491
23568
23634
23635
23751
23854
23914
23958
23964
23967
23987
24003
24005
24029
24051
24059
24062
24118
24121
24139
24141
24171
24176
24179
24194
24244
24274
24362
24379
24380
24385
24431
24438
24441
24444
24474
24573
24582
24585
24648
24676
24683
24686
24687
24689
24690
24691
24851
24852
24856
24881
24886
24914
24940
25053
25078
25081
25096
25171
25193
25221
25260
25264
25265
25267
25352
25354
25372
25387
25391
25422
25426
25430
25431
25432
25465
25471
25483
25486
25506
25507
25508
25510
25512
25515
25532
25558
25560
25561
25570
25605
25614
25664
25680
25906
25933
26243
26303
26304
26312
26331
26339
26340
26365
26366
26374
26376
26390
26398
26499
26507
26509
26739
26747
26775
26779
26781
26783
26789
26790
26796
26809
26811
26813
26815
26817
26845
26962
27092
27094
27183
27193
27202
27224
27235
27263
27357
27440
27619
27622
27756
27757
27758
27764
27765
27766
27771
27932
27938
27943
27949
27965
28006
28046
28051
28149
28154
28156
28161
28366
28471
28505
28509
28510
28511
28512
28513
28514
28552
28585
28629
28716
28718
28739
28773
29168
29271
29290
29343
29375
29481
29482
29496
29588
29606
29629
29732
29746
29768
29774
29925
29955
29958
29978
29988
30004
30072
30080
30087
30091
30116
30262
30384
30465
30495
30690
30762
30765
30766
30771
30772
30775
30776
30778
30780
30784
30855
30949
31059
31148
31216
31218
31245
31410
31424
31430
31474
31486
31551
31653
31668
31829
31840
31870
31913
31926
32001
32036
32074
32161
32192
32210
32216
32285
32288
32681
32684
32733
32769
32845
32893
32938
32941
32968
33010
33036
33133
33280
33373
33377
33378
33388
33398
33435
33446
33448
33449
33512
33513
33516
33565
33570
33578
33583
33598
33727
33906
33938
33956
33960
33977
33978
33989
34051
34118
34375
34376
34410
34411
34580
34591
34673
34697
34714
34754
34797
34822
34908
34919
34998
35051
35052
35109
35113
35118
35138
35206
35315
35365
35421
35485
35487
35531
35569
35574
35589
35730
35733
35758
35783
35785
35812
35815
35840
35842
35913
36067
36112
36173
36190
36288
36289
36328
36371
36395
36406
36408
36459
36487
36491
36534
36575
36580
36647
36667
36670
36697
36708
36710
36712
36721
36723
36766
36816
36842
36847
36881
36897
36905
36924
36939
37020
37032
37046
37103
37139
37385
37393
37481
37511
37963
37964
37967
37992
37995
38004
38014
38020
38025
38027
38029
38238
38249
38254
38303
38344
38364
38365
38411
38439
38443
38473
38574
38673
38684
38754
38789
38790
38792
38793
38860
38983
38994
39070
39280
39295
39301
39304
39384
39408
39417
39561
39701
39715
39790
39817
39820
39857
39858
39859
39867
39926
39949
40177
40242
40244
40316
40380
40444
40479
40496
40534
40538
40549
40552
40557
40580
40607
40617
40618
40619
40620
40622
40769
40792
40871
40878
40880
40881
40932
40958
40965
41026
41093
41096
41123
41125
41174
41207
41252
41254
41256
41259
41296
41401
41493
41494
41520
41521
41565
41572
41607
41632
41646
41653
41686
41691
41692
41752
41824
41898
41941
42125
42126
42394
42395
42396
42517
42616
42617
42622
42623
42625
42630
42635
42639
42650
42657
42677
42678
42733
42738
42748
42774
42776
42801
42927
42932
43056
43060
43372
43390
43391
43454
43475
43607
43611
43615
43627
43632
43817
43952
43973
43996
43998
44021
44044
44097
44103
44104
44137
44138
44142
44170
44250
44258
44285
44322
44325
44328
44332
44336
44370
44439
44450
44599
44608
44610
44808
44965
44973
44977
45104
45121
45148
45186
45189
45206
45213
45278
45289
45292
45295
45297
45299
45307
45311
45396
45494
45503
45560
45582
45584
45585
45586
45587
45620
45640
45702
45704
45773
45774
45775
45778
45834
45846
45862
45865
45869
45875
46073
46162
46231
46240
46303
46324
46527
46529
46541
46543
46552
46557
46773
46775
46777
46781
46783
46784
46785
46933
46978
46980
46985
47066
47067
47068
47069
47072
47073
47102
47282
47314
47321
47349
47429
47490
47504
47715
47720
47722
47945
48016
48089
48092
48140
48148
48150
48257
48306
48431
48500
48515
48516
48518
48566
48567
48603
48604
48610
48792
48796
48823
49023
49132
49143
49268
49280
49281
49467
49598
49697
49698
49700
49739
49809
49826
49854
49948
50084
50109
50216
50254
50258
50267
50296
50376
50383
50390
50510
50556
50557
50558
50559
50579
50580
50581
50582
50713
50714
50715
50716
50899
50900
50905
50906
50997
51011
51118
51119
51294
51384
51397
51438
51492
51534
51562
51563
51564
51572
51573
51574
51609
51611
51714
51736
51739
51740
51754
51764
51786
51877
51904
51958
51974
52021
52033
52034
52041
52042
52106
52231
52245
52254
52328
52377
52378
52390
52454
52459
52655
52659
52663
52665
52674
52676
52681
52720
52722
52852
52853
52855
52858
52890
52918
52937
52938
52939
52977
53041
53048
53062
53189
53346
53422
53454
53457
53476
53477
53478
53479
53490
53491
53536
53537
53538
53540
53542
53546
53552
53556
53609
53734
53735
53768
53817
53883
54011
54014
54033
54139
54207
54246
54284
54286
54410
54462
54463
54467
54485
54491
54521
54546
54562
54701
54704
54705
54711
54864
54870
54926
54931
54951
55007
55013
55120
55140
55449
55467
55471
55473
55480
55528
55531
55532
55533
55560
55607
55838
55916
56025
56032
56033
56100
56304
56344
56350
56482
56561
56608
56646
56691
56889
56891
56901
56904
56978
57014
57032
57425
57426
57427
57428
57430
57469
57475
57493
57510
57543
57544
57549
57551
57587
57654
57826
57829
57835
57857
57883
57993
57994
57998
58002
58258
58263
58265
58294
58368
58373
58453
58561
58675
58688
58757
58917
58925
59084
59085
59087
59190
59193
59395
59543
59547
59551
59691
59695
59696
59720
59770
59866
59968
59969
59970
59971
59977
60123
60195
60202
60378
60452
60481
60487
60505
60509
60616
60673
60682
60797
60818
60819
60828
60831
60836
60896
60904
60905
60910
60959
61027
61079
61081
61099
61225
61236
61437
61455
61518
61561
61573
61577
61677
61681
61717
61734
61757
61767
61768
61769
61834
61837
62061
62063
62066
62071
62074
62076
62079
62189
62191
62192
62340
62432
62475
62479
62520
62545
62546
62698
62945
63153
63154
63156
63157
63231
63317
63416
63420
63421
63422
63444
63446
63453
63458
63459
63477
63492
63536
63542
63545
63549
63556
63557
63560
63561
63568
63573
63605
63726
63752
63774
63846
63903
63905
63908
63909
63929
63935
63936
63940
63968
63998
64003
64009
64207
64282
64285
64286
64482
64490
64496
64603
64604
64672
64688
64924
64931
64990
64997
64998
65000
65040
65084
65220
65269
65292
65388
65389
65391
65392
65393
65401
65408
65412
65414
65416
65419
65420
65512
65586
65760
65766
65767
65777
65781
65822
65865
65867
65877
65888
65920
65938
65949
66011
66058
66063
66139
66166
66175
66181
66241
66256
66273
66289
66306
66329
66456
66461
66487
66488
66493
66495
66560
66562
66619
66675
66725
66766
66987
66988
66989
66994
66995
66996
67018
67070
67086
67423
67492
67581
67605
67640
67648
67650
67657
67662
67763
67952
67954
68135
68147
68179
68206
68213
68220
68444
68451
68457
68549
68568
68580
68603
68614
68620
68644
68649
68766
68838
68858
68877
68878
68881
68900
68985
68991
69019
69099
69317
69333
69591
69592
69593
69594
69610
69628
69726
69743
69745
69748
69750
69766
69868
69872
69891
69893
69927
69929
70021
70036
70100
70196
70217
70223
70392
70394
70396
70486
70487
70578
70580
70593
70675
70676
70677
70683
70684
70758
70764
70765
70766
70908
70954
70957
70960
71011
71012
71019
71027
71199
71221
71222
71344
71395
71400
71414
71438
71626
71822
71823
71827
71831
71834
71851
71852
71853
71860
71861
71862
71864
71866
71867
71868
71875
71880
71881
71998
72115
72116
72118
72124
72163
72192
72269
72274
72324
72360
72363
72370
72374
72524
72561
72678
72845
73024
73026
73028
73038
73078
73079
73083
73087
73145
73146
73251
73252
73256
73257
73261
73264
73265
73266
73598
73626
73629
73656
73657
73658
73659
73660
73661
73662
73673
73700
73701
73768
73794
73896
73935
73941
73966
73967
73983
73986
73987
74211
74245
74355
74358
74386
74421
74431
74557
74558
74635
74636
74638
74639
74649
74656
74683
74691
74727
74728
74730
74746
74780
74874
74901
74952
74993
75000
75004
75031
75054
75150
75232
75236
75240
75241
75285
75294
75351
75372
75382
75388
75393
75460
75462
75482
75491
75560
75718
75735
75781
75804
75854
75888
75901
76038
76045
76092
76095
76096
76098
76099
76265
76290
76315
76320
76328
76331
76336
76404
76405
76413
76435
76455
76458
76470
76509
76518
76562
76628
76646
76658
76710
76735
76738
76781
76783
76820
76844
76849
76874
76877
76893
76921
76947
76999
77003
77010
77012
77040
77041
77043
77056
77061
77105
77177
77206
77215
77216
77274
77377
77383
77477
77547
77555
77562
77563
77566
77567
77572
77833
77876
77913
78045
78051
78053
78054
78121
78258
78261
78307
78334
78393
78488
78489
78498
78499
78503
78506
78614
78617
78661
78664
78820
78827
78873
79001
79051
79092
79156
79232
79273
79316
79319
79422
79423
79424
79427
79428
79430
79431
79432
79434
79440
79441
79442
79448
79461
79462
79479
79480
79522
79656
79658
79660
79673
79674
79692
79736
79776
79779
79783
79835
79989
80064
80071
80166
80204
80209
80233
80240
80244
80246
80248
80249
80250
80298
80310
80539
80581
80644
80676
80706
80861
80894
80901
80929
81015
81036
81431
81475
81539
81655
81660
81816
81824
81829
81835
81842
81848
81854
81868
81887
81894
81897
81900
82052
82094
82456
82458
82472
82483
82484
82494
82554
82556
82558
82562
82564
82617
82625
82656
82725
82726
82728
82764
82768
82782
82783
82843
82923
82945
82996
82999
83015
83088
83102
83289
83466
83471
83531
83541
83547
83619
83656
83753
83756
83829
83851
83865
83984
84071
84073
84096
84099
84147
84149
84168
84263
84400
84437
84510
84520
84523
84535
84576
84674
84734
84764
84776
84777
84780
84835
84841
84968
85027
85076
85083
85141
85182
85189
85245
85247
85298
85302
85311
85356
85528
85569
85657
85775
85781
85799
85800
85849
85948
86007
86009
86045
86171
86224
86251
86264
86293
86294
86302
86304
86408
86455
86458
86459
86511
86623
86689
86743
86746
86757
86822
86927
86929
86981
87010
87030
87066
87117
87150
87169
87178
87257
87259
87262
87263
87313
87344
87354
87445
87490
87504
87506
87516
87539
87620
87654
87672
87704
87708
87723
87806
87807
88015
88055
88058
88375
88377
88400
88402
88496
88544
88553
88555
88582
88651
88753
88783
88798
88805
88912
89011
89029
89078
89092
89093
89094
89140
89437
89439
89462
89463
89465
89466
89492
89707
89741
89742
89841
89842
89947
89951
89996
90000
90020
90097
90101
90103
90127
90177
90182
90193
90230
90231
90233
90234
90315
90329
90363
90364
90370
90409
90422
90516
90519
90582
90623
90647
90649
90651
90653
90763
90765
90769
90779
90787
90913
90971
91148
91149
91150
91205
91216
91288
91317
91335
91338
91340
91407
91450
91556
91854
91856
91946
91955
91980
91996
92028
92042
92055
92164
92165
92263
92360
92362
92574
92729
92766
92776
92780
92784
93042
93132
93345
93383
93384
93387
93564
93583
93647
93652
93668
93725
93728
93731
93732
93746
93803
93804
93873
93961
93962
93964
93965
94024
94062
94067
94080
94083
94097
94180
94182
94183
94316
94331
94335
94436
94450
94466
94467
94625
94627
94677
94685
94797
94878
94879
94949
94950
94951
94952
95009
95057
95071
95072
95073
95074
95075
95077
95078
95079
95104
95167
95222
95224
95231
95232
95235
95244
95341
95415
95649
95662
95665
95671
95684
95712
95967
95973
95975
95979
96094
96132
96163
96193
96197
96222
96363
96461
96463
96464
96486
96492
96497
96503
96507
96620
96623
96680
96688
96743
96904
96926
96927
96928
96968
96991
96993
97104
97159
97160
97175
97407
97459
97464
97472
97484
97526
97527
97535
97661
97663
97710
97762
97764
97884
98046
98060
98068
98069
98075
98082
98087
98200
98301
98362
98385
98541
98565
98572
98728
98777
98798
98834
98879
98918
98925
98930
98956
98957
99003
99170
99206
99228
99424
99584
99596
99599
99657
99672
99904
99924
99927
100050
100110
100112
100120
100123
100235
100236
100426
100427
100436
100453
100457
100520
100600
100610
100615
100751
100809
100817
100873
100885
100905
100934
101017
101122
101138
101140
101288
101289
101291
101292
101338
101342
101372
101425
101431
101439
101533
101612
101649
101651
101680
101697
101707
101716
101747
101748
101773
101801
101816
101850
101874
101898
101908
101915
101917
101919
101922
101928
102083
102087
102101
102236
102238
102278
102293
102307
102313
102387
102389
102401
102522
102523
102528
102529
102579
102588
102632
102696
102745
102747
102748
102749
102750
102751
102752
102766
102818
102828
102829
102869
102914
102949
103124
103136
103150
103163
103240
103334
103537
103673
103682
103685
103686
103689
103695
103921
103926
103927
103931
103932
104148
104167
104218
104220
104251
104266
104426
104444
104519
104532
104825
104897
104911
104989
105009
105023
105263
105314
105331
105431
105434
105446
105549
105551
105654
105763
105764
105766
105791
105811
105829
105831
105868
105870
105929
105950
105954
105971
105974
105976
106013
106039
106057
106060
106062
106065
106089
106145
106220
106222
106225
106237
106279
106310
106317
106336
106357
106367
106520
106565
106605
106631
106647
106662
106673
106675
106680
106892
106994
106997
107008
107038
107063
107093
107269
107451
107603
107604
107605
107608
107655
107710
107711
107712
107880
107892
107903
107945
107976
108067
108086
108124
108125
108127
108173
108247
108288
108298
108304
108341
108353
108430
108490
108582
108583
108702
108980
109386
109424
109465
109540
109544
109547
109550
109554
109634
109644
109675
109801
109831
109903
109915
109918
109937
109949
110067
110165
110268
110289
110290
110299
110403
110464
110465
110470
110516
110541
110829
110873
110874
110875
110876
111064
111120
111128
111136
111249
111250
111259
111284
111406
111411
111485
111488
111507
111601
111605
111637
111641
111703
111704
111705
111706
111709
111767
111789
111796
112097
112099
112103
112104
112136
112141
112143
112249
112255
112258
112265
112325
112336
112385
112386
112407
112408
112453
112461
112462
112476
112480
112493
112498
112590
112593
112594
112708
112856
112935
112956
112983
113010
113080
113127
113134
113135
113295
113412
113413
113415
113424
113537
113538
113542
113546
113564
113579
113582
113591
113771
113886
113890
113999
114001
114004
114010
114022
114150
114151
114287
114333
114604
114622
114623
114624
114629
114645
114647
114713
114813
114816
114832
114840
114843
114940
114942
114959
114960
115129
115130
115145
115148
115183
115208
115214
115242
115247
115264
115266
115387
115410
115425
115426
115450
115453
115622
115727
115775
115809
115812
115851
115924
115993
116047
116077
116078
116083
116135
116136
116191
116195
116233
116237
116295
116327
116434
116487
116488
116491
116495
116496
116528
116529
116535
116563
116583
116590
116591
116596
116597
116613
116642
116686
116690
116691
116727
116728
116731
116786
116790
116795
116801
116802
116812
116917
116919
116966
117098
117145
117165
117178
117418
117494
117554
117556
117576
117620
117622
117627
117652
117728
117732
117741
117746
117752
117767
117902
117903
117950
117951
118008
118056
118068
118085
118087
118195
118376
118379
118387
118408
118409
118412
118578
118607
118608
118611
118649
118686
118690
118824
118873
118874
118876
118934
119124
119137
119144
119180
119196
119227
119416
119519
119643
119662
119663
119664
119813
119866
119912
119923
119943
119958
119961
120208
120238
120272
120288
120290
120297
120304
120329
120340
120364
120374
120416
120560
120614
120617
120619
120685
120686
120690
120905
121036
121058
121081
121085
121115
121133
121142
121234
121241
121317
121361
121362
121364
121368
121439
121464
121534
121535
121538
121539
121544
121546
121689
121767
121782
121807
121808
121810
121829
121902
121972
121977
122000
122291
122350
122353
122395
122442
122444
122454
122455
122460
122461
122462
122490
122612
122629
122630
122647
122689
122694
122725
122947
123012
123014
123218
123219
123220
123268
123270
123275
123320
123358
123365
123408
123410
123415
123457
123542
123544
123545
123597
123611
123614
123615
123730
123792
123980
123982
123988
124037
124040
124067
124112
124220
124244
124245
124246
124248
124313
124315
124316
124414
124415
124479
124480
124482
124483
124492
124494
124542
124590
124641
124809
124822
124825
124828
124850
124851
124943
124963
124987
124998
125016
125022
125138
125171
125246
125308
125310
125484
125486
125593
125597
125601
125746
125748
125752
125753
125754
125755
125797
125831
126000
126062
126186
126202
126221
126227
126264
126375
126376
126377
126390
126406
126408
126476
126789
126792
126795
126850
126853
126876
126879
126900
126903
126905
126913
126914
126918
126919
126925
126927
126928
126942
126944
126946
126950
126972
126973
126988
126989
127235
127252
127305
127423
127439
127515
127520
127548
127577
127596
127606
127608
127634
127653
127654
127655
127658
127795
127811
128074
128110
128343
128420
128489
128491
128531
128535
128539
128549
128568
128652
128660
128712
128770
128808
128851
128920
128968
128994
128995
129054
129060
129094
129096
129102
129112
129114
129118
129181
129187
129223
129323
129350
129501
129559
129591
129613
129615
129629
129630
129637
129691
129728
129863
130067
130211
130233
130269
130271
130329
130355
130356
130357
130359
130366
130459
130473
130477
130528
130565
130695
130708
130710
130797
130805
130845
130870
131004
131189
131386
131451
131467
131490
131496
131497
131502
131504
131505
131509
131510
131513
131569
131588
131591
131615
131623
131713
131732
131779
131818
131832
131944
131946
131986
132167
132606
132607
132609
132625
132630
132738
132779
132815
132816
132817
132819
132902
132943
132987
133001
133100
133104
133109
133132
133239
133298
133300
133304
133311
133313
133477
133516
133521
133527
133549
133550
133558
133617
133789
133828
133837
133838
133876
133974
134161
134162
134165
134166
134199
134226
134259
134418
134435
134437
134456
134517
134570
134606
134610
134627
134653
134657
134666
134699
134769
134877
134878
134880
134955
134956
135016
135022
135055
135074
135075
135174
135181
135251
135253
135274
135276
135299
135347
135383
135408
135454
135521
135525
135529
135566
135984
136007
136020
136071
136267
136270
136422
136457
136475
136476
136479
136488
136512
136516
136546
136547
136692
136788
136791
136841
136846
136904
136905
137023
137024
137025
137026
137074
137088
137089
137093
137095
137188
137384
137443
137473
137574
137674
137762
137809
137827
137933
137989
137999
138005
138102
138155
138299
138300
138316
138382
138467
138486
138495
138546
138585
138629
138632
138636
138915
138972
138980
139000
139033
139035
139043
139082
139154
139211
139228
139267
139331
139338
139396
139408
139457
139733
139734
139737
139822
139823
139824
139828
139830
139850
139926
139957
140029
140051
140053
140082
140090
140103
140105
140106
140344
140429
140440
140703
140704
140730
140743
140746
140747
140767
140768
140902
141006
141013
141016
141024
141030
141035
141037
141040
141042
141059
141064
141159
141278
141310
141430
141537
141598
141601
141619
141856
141978
142019
142025
142044
142106
142108
142111
142125
142132
142146
142147
142182
142190
142363
142373
142380
142383
142396
142463
142490
142491
142492
142494
142663
142699
142700
142702
142708
142738
142745
142746
142748
142750
142754
142835
142838
142839
142973
142976
143009
143049
143134
143135
143136
143138
143139
143234
143236
143355
143477
143574
143576
143627
143659
143661
143669
143681
143816
143892
143990
144028
144054
144100
144104
144134
144199
144234
144336
144339
144435
144452
144469
144478
144479
144482
144485
144536
144544
144554
144557
144582
144635
144645
144647
144649
144755
144806
144810
144811
144819
144875
144893
144902
144910
145114
145134
145135
145152
145158
145159
145160
145161
145162
145163
145167
145168
145169
145258
145467
145507
145508
145510
145517
145524
145551
145563
145591
145611
145619
145633
145635
145637
145645
145647
145733
145805
145859
145891
145902
145938
145940
145943
145947
145990
145993
146035
146126
146127
146130
146132
146133
146134
146136
146248
146331
146334
146350
146358
146471
146481
146483
146520
146521
146549
146581
146683
146685
146691
146692
146693
146695
146696
146798
146836
146837
146838
146839
146841
146842
146911
146960
147082
147083
147135
147182
147186
147214
147216
147218
147220
147278
147348
147449
147548
147910
147967
147972
148025
148029
148070
148089
148104
148116
148393
148416
148420
148456
148467
148481
148494
148628
148855
148947
149029
149082
149091
149103
149214
149215
149216
149217
149227
149228
149229
149236
149237
149238
149321
149354
149369
149370
149442
149483
149484
149488
149517
149652
149809
149821
149854
149865
149877
149883
149887
149913
150046
150054
150212
150320
150361
150402
150407
150409
150415
150417
150429
150467
150488
150498
150526
150528
150529
150530
150531
150540
150543
150597
150612
150627
150656
150664
150666
150715
150933
150988
151012
151014
151015
151022
151040
151052
151068
151070
151071
151094
151095
151106
151108
151110
151111
151113
151114
151116
151117
151155
151187
151195
151235
151236
151238
151239
151300
151462
151546
151551
151555
151588
151677
151682
151685
151695
151702
151739
151803
151807
151809
151932
151986
152079
152083
152085
152101
152109
152124
152171
152177
152183
152215
152217
152235
152378
152385
152406
152408
152463
152487
152489
152520
152650
152651
152655
152672
152697
152734
152742
152822
152826
152833
153015
153017
153018
153025
153028
153062
153069
153144
153148
153289
153355
153358
153359
153360
153527
153528
153578
153614
153646
153697
153705
153730
153744
153746
153750
153753
153754
153755
153763
153764
153770
153771
153773
153802
153874
153971
153978
154241
154250
154254
154255
154258
154261
154264
154350
154354
154358
154359
154416
154440
154454
154632
154753
154755
154756
154757
154778
154785
154798
154872
154875
154879
154907
154923
155078
155221
155384
155389
155392
155414
155419
155442
155447
155457
155464
155531
155543
155831
155835
155837
155854
155944
155951
155953
155956
155958
155960
155961
156024
156026
156046
156074
156107
156111
156210
156340
156341
156355
156370
156450
156467
156471
156609
156651
156675
156678
156679
156710
156719
156725
156758
156762
156875
156893
156917
156920
156921
156923
156957
157078
157091
157132
157318
157357
157428
157430
157434
157436
157439
157453
157513
157668
157671
157672
157675
157726
157727
157750
157764
157766
157819
157885
157929
157931
157934
157937
157942
157945
158060
158062
158087
158118
158177
158187
158289
158291
158626
158629
158720
158856
158883
158908
159010
159014
159018
159024
159026
159030
159089
159107
159172
159173
159197
159338
159409
159415
159436
159442
159552
159557
159774
159775
159793
159794
159795
159818
159821
159829
159830
159833
159900
159915
160004
160005
160155
160367
160447
160450
160610
160631
160638
160639
160861
160938
160941
160968
160972
161004
161064
161066
161068
161083
161101
161120
161159
161160
161195
161199
161223
161225
161227
161302
161491
161533
161694
161714
161767
161782
161808
161815
161817
161849
161870
161905
161909
161910
161923
161931
161961
162030
162039
162081
162082
162086
162088
162149
162204
162205
162210
162212
162359
162373
162386
162635
162693
162777
162781
162823
162896
162909
162910
162916
162927
162929
162934
162981
162984
163022
163114
163123
163125
163526
163547
163595
163597
163607
163781
163836
163848
163912
163919
163922
164104
164205
164212
164213
164227
164236
164346
164413
164435
164449
164452
164490
164494
164543
164551
164603
164614
164616
164618
164659
164663
164664
164669
164691
164696
164704
164712
164716
164831
164883
164885
164889
165020
165157
165160
165229
165245
165257
165272
165365
165701
165706
165730
165733
165741
165743
165799
165816
165820
165821
165823
165826
165827
165880
165977
166117
166118
166124
166129
166236
166272
166357
166388
166410
166418
166496
166586
166619
166678
166712
166715
166724
166773
166779
166880
166919
166984
166985
166986
167084
167164
167167
167281
167282
167283
167367
167430
167434
167435
167641
167646
167779
167793
167821
167835
167905
168005
168050
168151
168177
168189
168205
168208
168262
168264
168296
168319
168320
168323
168324
168330
168336
168343
168347
168563
168565
168639
168640
168750
168762
168778
168863
168892
168895
168898
168928
168969
168970
169008
169012
169049
169142
169206
169207
169235
169405
169406
169411
169430
169433
169437
169454
169517
169523
169883
169947
169954
170136
170139
170296
170339
170356
170358
170384
170474
170670
170687
170776
170782
170843
170950
171114
171115
171118
171119
171181
171183
171184
171261
171471
171719
171742
171890
171897
171981
171986
171988
172035
172037
172045
172064
172076
172099
172118
172315
172323
172336
172413
172414
172416
172485
172495
172541
172602
172660
172751
172756
172992
173150
173151
173161
173250
173313
173370
173422
173663
173664
173666
173669
173670
173671
173673
173674
173676
173678
173686
173851
173855
173864
173866
173871
173993
173994
174062
174135
174170
174176
174201
174290
174388
174431
174433
174442
174543
174575
174700
174787
174788
174795
174796
174798
174921
174961
174979
175004
175011
175018
175025
175242
175327
175328
175351
175432
175493
175495
175592
175599
175606
175746
175764
175829
175853
175869
175990
175992
176018
176042
176123
176125
176138
176166
176215
176220
176221
176226
176234
176243
176244
176247
176249
176254
176311
176313
176412
176422
176423
176428
176432
176434
176439
176487
176490
176492
176493
176501
176502
176503
176513
176631
176647
176749
176810
176828
176833
176883
176899
176988
177032
177041
177066
177077
177111
177115
177279
177287
177289
177357
177362
177398
177416
177423
177431
177450
177451
177454
177455
177460
177499
177505
177569
177570
177572
177575
177579
177583
177681
177696
177876
177882
177883
177888
177889
177894
177906
177922
177937
177977
177978
178018
178066
178102
178108
178109
178116
178117
178125
178171
178220
178250
178314
178394
178404
178507
178530
178536
178538
178655
178817
178835
178867
178925
178965
179009
179035
179036
179205
179209
179213
179261
179310
179315
179339
179478
179481
179510
179519
179615
179633
179640
179644
179683
179808
179862
179916
180042
180043
180044
180046
180079
180093
180098
180106
180137
180139
180177
180178
180180
180186
180383
180404
180414
180418
180496
180603
180680
180681
180682
180739
180762
180764
180782
180783
180784
180785
181009
181017
181025
181029
181030
181035
181037
181096
181266
181353
181361
181368
181369
181371
181484
181520
181615
181653
181668
181706
181719
181747
181857
181965
181967
181978
182015
182021
182023
182102
182104
182110
182113
182118
182126
182127
182133
182201
182202
182204
182253
182340
182379
182384
182385
182526
182528
182545
182546
182554
182558
182646
182659
182661
182724
182725
182728
182734
182781
182832
183246
183251
183271
183376
183404
183406
183408
183410
183411
183428
183431
183581
183592
183597
183761
183805
183806
183808
183833
183897
183947
183995
184029
184037
184060
184183
184184
184323
184324
184325
184336
184434
184437
184438
184449
184457
184531
184544
184638
184765
184766
184770
184839
184845
184847
184848
184856
184857
184906
184975
184980
185014
185050
185173
185222
185224
185281
185290
185334
185353
185424
185428
185459
185466
185467
185485
185590
185687
185729
185732
185738
185739
185767
185817
185839
185844
185853
185996
186166
186169
186173
186174
186179
186183
186187
186203
186229
186269
186271
186503
186540
186550
186552
186554
186555
186599
186626
186659
186680
186725
186727
186781
186810
186814
186849
186952
186969
186970
186998
187014
187069
187132
187143
187152
187168
187204
187206
187207
187269
187480
187527
187538
187544
187588
187593
187611
187696
187708
187806
187822
187825
187827
187830
187833
187860
187876
187877
187878
187879
187880
187881
187882
187883
187884
187885
187886
187888
187890
187894
187895
187900
187901
187903
187904
187905
187910
187926
187928
187941
187942
187944
187956
187958
187960
187970
187978
188000
188007
188009
188015
188075
188312
188457
188535
188540
188549
188551
188552
188556
188557
188566
188569
188571
188573
188577
188579
188582
188583
188615
188706
188939
188964
188968
189068
189129
189159
189213
189215
189327
189339
189340
189343
189349
189353
189368
189381
189419
189492
189500
189533
189711
189744
189753
189831
189836
189940
189942
189944
189952
190021
190058
190075
190080
190151
190152
190153
190157
190159
190165
190166
190197
190472
190510
190590
190671
190707
190717
190720
190721
190727
190728
190731
190741
190758
190778
190791
190855
190877
190878
190968
191070
191128
191187
191295
191415
191471
191473
191595
191600
191667
191743
191749
191810
191814
191827
191828
191872
191893
191991
192068
192070
192074
192142
192165
192219
192238
192307
192323
192336
192340
192349
192471
192582
192619
192630
192682
192727
192759
192853
192854
192858
192892
192893
192972
192992
193049
193061
193138
193149
193172
193345
193396
193397
193398
193399
193478
193480
193534
193558
193559
193560
193561
193562
193649
193692
193699
193825
193827
193829
193832
193863
193872
193948
193950
193952
194097
194186
194201
194202
194205
194206
194214
194276
194278
194280
194288
194293
194382
194386
194387
194465
194466
194546
194551
194552
194553
194554
194555
194558
194561
194562
194567
194568
194570
194574
194575
194576
194577
194592
194594
194596
194597
194598
194601
194602
194603
194604
194612
194616
194702
194710
194725
194726
194727
194728
194729
194735
194746
194769
194959
194960
194961
194969
194970
195008
195015
195179
195180
195259
195328
195334
195347
195348
195397
195615
195616
195646
195656
195662
195675
195683
195689
195695
195742
195745
195747
195749
195817
195819
195874
195875
195895
195978
195979
195981
195982
195990
195991
196065
196067
196090
196472
196475
196483
196484
196516
196519
196527
196611
196673
196674
196808
196811
196820
196822
196823
196824
196844
196871
196873
196923
196989
196995
197023
197329
197338
197339
197375
197381
197393
197398
197399
197406
197409
197421
197422
197423
197436
197443
197471
197474
197475
197480
197543
197617
197618
197662
197673
197677
197679
197701
197703
197726
197742
197747
197751
197761
197810
197909
197912
197919
197949
197957
197998
198000
198158
198165
198182
198188
198189
198201
198235
198240
198247
198270
198331
198338
198506
198578
198701
198851
198881
198918
198958
199106
199315
199328
199332
199386
199392
199396
199401
199405
199410
199413
199414
199415
199504
199505
199506
199581
199589
199597
199598
199599
199680
199813
200016
200035
200039
200044
200061
200072
200104
200108
200137
200140
200144
200150
200222
200262
200265
200268
200491
200492
200493
200494
200496
200516
200527
200545
200560
200564
200632
200673
200677
200745
200937
200941
201018
201062
201069
201153
201170
201268
201292
201604
201611
201612
201631
201636
201930
201965
201971
202004
202006
202008
202036
202043
202052
202057
202122
202125
202129
202144
202175
202176
202177
202179
202280
202284
202315
202372
202433
202511
202522
202532
202762
202766
202768
202825
202955
203018
203111
203117
203288
203329
203334
203336
203347
203471
203552
203558
203667
203668
203686
203687
203688
203689
203707
203708
203709
203710
203798
203843
203935
203979
204135
204353
204354
204720
204724
204737
204744
204746
204803
204857
204892
205016
205019
205039
205100
205111
205112
205263
205265
205267
205341
205346
205365
205382
205385
205390
205395
205399
205522
205650
205651
205968
205972
205992
205994
206039
206040
206048
206062
206068
206114
206116
206127
206131
206142
206143
206146
206148
206172
206174
206176
206301
206305
206306
206323
206332
206333
206337
206339
206403
206407
206408
206409
206410
206501
206513
206540
206573
206574
206599
206618
206898
206899
206902
206973
206998
206999
207001
207081
207087
207128
207153
207208
207210
207215
207217
207279
207291
207445
207480
207582
207591
207801
207802
207804
207805
207819
207820
207822
207833
207884
207892
208018
208099
208107
208110
208139
208150
208162
208168
208175
208276
208277
208279
208281
208283
208284
208287
208288
208293
208496
208527
208560
208591
208733
208817
208859
208884
208885
208970
208972
209009
209041
209050
209231
209300
209302
209306
209325
209434
209449
209582
209587
209603
209668
209737
209745
209760
209764
209850
209851
209868
209997
210059
210073
210074
210075
210076
210157
210161
210167
210169
210170
210171
210175
210179
210180
210181
210186
210191
210202
210215
210216
210217
210218
210225
210359
210398
210444
210446
210447
210455
210492
210505
210516
210593
210647
210666
210695
210696
210703
210725
210739
210805
210825
210839
210841
210853
210855
210917
210925
210929
210993
211034
211041
211044
211046
211102
211138
211194
211357
211421
211477
211486
211694
211820
211830
211897
211911
212120
212131
212163
212232
212233
212255
212284
212367
212371
212374
212388
212638
212702
212863
212869
212907
212947
212982
213187
213254
213279
213280
213282
213298
213319
213336
213337
213529
213531
213664
213667
213691
213704
213718
213719
213751
213764
213772
213776
213780
213783
213838
214044
214050
214052
214081
214094
214177
214178
214304
214305
214310
214312
214337
214366
214367
214373
214389
214398
214400
214507
214696
214702
214709
214712
214735
214782
214828
214829
214890
214893
214900
214937
214962
215170
215172
215208
215268
215381
215384
215493
215495
215506
215508
215527
215560
215603
215608
215611
215616
215617
215618
215620
215624
215635
215652
215755
215900
215978
215999
216002
216104
216107
216108
216156
216167
216269
216310
216443
216445
216446
216492
216536
216542
216599
216634
216646
216648
216670
216679
216728
216730
216735
216770
216796
216815
216827
216829
216831
216908
216970
216993
217029
217207
217208
217410
217444
217531
217540
217541
217586
217591
217594
217630
217649
217745
217750
217803
217814
217832
217841
217842
217846
217861
217997
218020
218049
218054
218105
218129
218164
218173
218238
218321
218325
218391
218406
218461
218555
218573
218595
218661
218663
218811
218814
218828
218940
218941
218943
218980
218999
219035
219037
219040
219049
219062
219077
219130
219276
219277
219301
219457
219460
219464
219466
219478
219487
219642
219644
219696
219699
219711
219736
219737
219738
219740
219741
219742
219744
219745
219746
219748
219749
219750
219752
219753
219755
219756
219769
219771
219773
219777
219779
219832
219833
219898
219900
219909
219929
220021
220022
220042
220082
220098
220117
220135
220163
220351
220359
220408
220411
220564
220632
220649
220652
220656
220674
220799
220859
220890
220966
221025
221127
221193
221194
221293
221302
221307
221400
221424
221461
221533
221536
221537
221539
221577
221581
221583
221601
221612
221698
221726
221956
222267
222293
222303
222389
222408
222487
222495
222514
222541
222569
222585
222714
222783
222788
222792
222800
222830
222882
222903
222971
223132
223141
223142
223217
223318
223383
223489
223501
223507
223559
223737
223775
223779
223780
223782
223809
223810
223819
223824
223829
223887
223901
223920
223939
223959
224144
224173
224284
224285
224289
224290
224301
224393
224394
224453
224455
224555
224556
224574
224576
224577
224661
224668
224729
224730
224732
224747
224749
224855
224869
224971
224994
225068
225072
225100
225147
225150
225198
225250
225327
225354
225374
225500
225558
225619
225623
225731
225820
225911
226001
226005
226026
226029
226135
226136
226137
226138
226181
226186
226216
226226
226260
226275
226455
226466
226467
226468
226488
226490
226491
226493
226516
226519
226567
226609
226717
226895
226905
226909
226913
226914
226960
227049
227129
227156
227166
227168
227172
227176
227302
227311
227328
227349
227424
227516
227551
227552
227575
227580
227582
227584
227586
227587
227588
227589
227590
227592
227593
227660
227740
227742
227943
228131
228259
228267
228268
228369
228370
228407
228431
228432
228473
228474
228476
228492
228494
228813
228901
228941
228943
228945
228950
229075
229157
229159
229263
229356
229357
229359
229361
229398
229496
229518
229577
229584
229805
229817
229913
229927
229931
229936
230002
230012
230013
230074
230086
230091
230153
230188
230263
230283
230293
230308
230344
230346
230442
230444
230494
230635
230637
230667
230681
230690
230708
230765
230766
230784
230870
231036
231084
231101
231117
231184
231187
231403
231452
231455
231456
231464
231470
231472
231559
231628
231633
231721
231784
231838
232029
232035
232039
232044
232048
232060
232182
232210
232426
232451
232452
232480
232516
232544
232547
232636
232858
232904
232907
232914
232915
232918
233058
233059
233061
233160
233203
233428
233580
233598
233818
233824
233896
233926
233938
234093
234109
234111
234169
234170
234173
234239
234244
234581
234599
234606
234688
234689
234691
234692
234694
234847
234883
234961
234987
234992
235050
235055
235126
235127
235148
235149
235151
235236
235252
235259
235267
235472
235479
235489
235491
235496
235506
235522
235528
235602
235612
235682
235711
235712
235714
235715
235719
235724
235727
235789
235876
235958
235995
235998
236000
236007
236009
236185
236186
236261
236286
236287
236288
236296
236297
236304
236306
236407
236454
236524
236534
236548
236595
236614
236844
236864
236907
236965
236972
237118
237178
237180
237181
237182
237206
237288
237289
237394
237471
237472
237578
237582
237584
237589
237591
237593
237595
237732
237798
237799
237805
237806
237813
237815
237816
237830
237954
237955
237956
237961
237966
238015
238016
238018
238019
238020
238023
238025
238026
238027
238028
238083
238110
238113
238116
238117
238132
238133
238135
238184
238241
238243
238260
238304
238457
238528
238532
238536
238692
238695
238697
238772
238984
239028
239115
239117
239124
239189
239193
239211
239214
239215
239247
239252
239295
239331
239354
239356
239461
239464
239723
239725
239863
239936
239952
239953
240003
240005
240058
240061
240078
240158
240282
240428
240432
240560
240564
240567
240571
240572
240617
240678
240684
240735
240772
240803
240810
240827
240828
240832
240835
240839
240891
240979
241003
241030
241069
241071
241072
241073
241150
241179
241249
241409
241538
241579
241718
241758
241767
241832
241836
241950
241954
241970
241982
241983
241994
242000
242020
242173
242191
242269
242392
242460
242529
242625
242629
242645
242688
242707
242713
242798
242831
242839
242925
242926
242928
242930
242960
242965
242969
243093
243109
243190
243191
243192
243197
243207
243211
243215
243257
243307
243446
243462
243464
243480
243527
243528
243602
243759
243761
243776
243810
243812
243816
243819
243847
243849
243869
243877
243880
243884
243887
243962
243965
243975
244005
244022
244072
244078
244103
244104
244105
244106
244128
244189
244204
244249
244367
244388
244390
244393
244486
244513
244549
244592
244609
244612
244626
244730
244744
244801
244819
244820
244830
245046
245069
245094
245276
245308
245343
245554
245732
245733
245738
245739
245740
245769
245786
245798
245895
245896
245900
245908
246283
246346
246353
246409
246410
246516
246519
246654
246660
246677
246773
246775
246819
246918
246933
246937
246941
246948
246949
246990
247088
247099
247229
247276
247486
247493
247495
247504
247532
247534
247535
247537
247561
247630
247735
247736
247739
247754
247755
247756
247814
247824
247988
247989
247990
248143
248147
248158
248160
248202
248242
248245
248246
248247
248248
248249
248250
248359
248370
248451
248482
248618
248619
248667
248698
248700
248760
248979
249021
249055
249063
249096
249100
249145
249151
249162
249168
249211
249245
249250
249251
249372
249387
249393
249412
249427
249458
249467
249474
249601
249652
249654
249655
249657
249659
249796
249999
250210
250212
250286
250300
250301
250305
250312
250318
250419
250448
250544
250587
250636
250856
250944
250946
250976
250977
250998
251025
251027
251383
251447
251448
251504
251546
251549
251555
251564
251566
251567
251572
251771
251776
251819
251829
251849
251852
251855
251959
251991
252009
252200
252280
252285
252394
252404
252476
252495
252560
252587
252597
252630
252666
252701
252722
252733
252791
252792
252877
253009
253096
253192
253357
253359
253364
253367
253368
253369
253371
253372
253409
253412
253525
253528
253531
253539
253540
253541
253543
253602
253608
253609
253621
253634
253750
253753
253759
253762
253787
253821
253825
254107
254116
254119
254122
254123
254127
254134
254147
254150
254259
254343
254345
254455
254617
254619
254628
254642
254647
254648
254652
254653
254654
254655
254660
254661
254671
254673
254675
254679
254681
254747
254762
254781
254798
254858
254859
254860
254878
254879
254880
254881
254979
254983
254987
255155
255259
255316
255346
255347
255381
255383
255385
255393
255404
255448
255462
255476
255523
255525
255566
255568
255569
255620
255623
255702
255704
255732
255742
255771
255833
255870
255872
255893
255894
255897
255917
255949
255964
255966
255973
256002
256126
256128
256244
256246
256248
256251
256252
256253
256440
256441
256442
256443
256453
256454
256455
256457
256458
256460
256473
256493
256630
256699
256702
256708
256711
256733
256736
256742
256748
256800
256803
256804
256805
256812
256815
256834
256835
256838
256839
256842
256845
256848
256853
256854
256855
256858
256859
256860
256874
256960
256969
256974
256980
256986
256987
257010
257011
257012
257013
257076
257106
257145
257161
257165
257171
257286
257294
257296
257309
257310
257539
257556
257662
257663
257681
257795
257992
258018
258062
258373
258470
258477
258479
258493
258608
258799
258801
258803
258804
258805
258878
258924
258966
258970
259000
259063
259068
259200
259226
259231
259266
259289
259322
259421
259825
259936
259937
260107
260110
260128
260133
260237
260276
260350
260356
260499
260510
260736
260825
260834
260871
260970
260977
261014
261022
261123
261144
261145
261161
261273
261346
261352
261353
261354
261355
261367
261394
261513
261517
261722
261736
261744
261912
261962
261963
261976
261985
261987
262110
262217
262218
262233
262265
262267
262279
262281
262342
262358
262370
262372
262405
262410
262412
262476
262603
262684
262722
262740
262818
262973
263225
263256
263292
263353
263366
263386
263394
263522
263524
263595
263611
263702
263740
263747
263748
263814
263821
263823
263824
263828
263838
263903
263915
263955
263956
263957
263958
263959
263960
263963
264008
264038
264122
264127
264150
264315
264328
264490
264493
264564
264594
264599
264600
264637
264638
264643
264644
264701
264702
264705
264729
264736
264785
264786
264787
264791
264914
264934
264954
265002
265043
265051
265073
265087
265096
265134
265187
265227
265301
265302
265303
265309
265320
265328
265331
265391
265415
265416
265417
265418
265420
265421
265424
265425
265426
265432
265434
265436
265439
265544
265557
265585
265587
265594
265614
265616
265617
265650
265654
265750
265888
265893
265913
265917
265932
266027
266097
266109
266263
266452
266496
266498
266558
266559
266602
266604
266637
266657
266658
266659
266660
266661
266670
266672
266796
266803
266805
266807
266808
266812
266814
266816
266817
266818
266819
266821
266835
266941
266976
267080
267085
267107
267109
267222
267241
267255
267273
267341
267363
267414
267572
267573
267574
267575
267670
267720
267731
267742
267802
267839
267975
267983
268064
268071
268144
268148
268222
268228
268232
268298
268299
268301
268304
268305
268423
268426
268470
268471
268478
268526
268528
268529
268558
268587
268592
268662
268733
268763
268817
268829
268873
268893
268894
268896
268897
268902
268912
268970
269058
269072
269075
269087
269091
269175
269284
269285
269286
269503
269538
269581
269784
269785
269882
269883
269885
269986
269988
269991
269992
269993
270040
270086
270108
270110
270245
270262
270263
270267
270269
270270
270278
270321
270383
270454
270455
270456
270459
270462
270466
270473
270490
270496
270517
270531
270662
270758
270761
270768
270770
270827
270923
271035
271057
271115
271132
271138
271140
271148
271201
271255
271415
271581
271629
271664
271666
271822
271824
271847
271857
271919
271978
272109
272209
272314
272463
272472
272480
272482
272561
272593
272686
272698
272702
272724
272736
272911
272912
272922
272926
272928
272930
272937
273032
273090
273185
273187
273188
273387
273407
273414
273418
273421
273431
273446
273470
273475
273491
273502
273529
273536
273554
273555
273557
273560
273762
273765
273808
273811
273835
273837
273930
273983
273984
273989
274004
274034
274159
274392
274470
274502
274529
274531
274713
274779
274780
274781
274783
274812
274847
274851
274852
274859
274871
275077
275158
275223
275277
275289
275399
275400
275466
275575
275581
275583
275585
275614
275627
275690
275748
275843
275846
275847
275852
275859
276008
276020
276021
276035
276044
276046
276050
276052
276053
276222
276225
276319
276387
276410
276535
276551
276795
276809
276810
276813
276990
276998
277040
277099
277226
277231
277280
277284
277390
277419
277423
277442
277443
277446
277450
277468
277469
277490
277653
277698
277831
277843
277853
277862
278024
278027
278028
278128
278145
278294
278299
278302
278305
278309
278391
278395
278444
278518
278606
278675
278676
278740
278792
278846
278856
278857
278858
278883
278901
278905
278996
279000
279024
279032
279042
279051
279072
279075
279213
279236
279298
279313
279366
279405
279408
279409
279444
279452
279459
279493
279494
279496
279498
279499
279551
279559
279572
279613
279624
279848
279867
279869
279870
280342
280415
280500
280555
280565
280674
280718
280799
280886
280894
280895
280900
280910
280914
280978
281075
281143
281145
281151
281163
281168
281172
281224
281241
281345
281366
281382
281405
281406
281478
281525
281574
281578
281599
281600
281683
281719
281755
281818
281820
281873
282003
282080
282205
282221
282222
282295
282298
282302
282320
282371
282374
282382
282415
282416
282420
282426
282513
282644
282646
282689
282690
282693
282703
282722
282748
282912
282916
282932
282933
282934
282935
282954
282961
282970
282986
282997
283008
283039
283040
283041
283083
283090
283134
283315
283362
283363
283367
283368
283370
283380
283382
283390
283429
283457
283464
283764
283817
283818
283902
283905
283909
283938
283941
283943
283963
283973
284002
284169
284243
284249
284297
284366
284370
284371
284400
284482
284483
284484
284487
284579
284584
284585
284590
284591
284594
284602
284603
284642
284828
284985
284999
285003
285005
285095
285134
285183
285247
285274
285278
285361
285378
285494
285507
285511
285512
285596
285657
285659
285664
285761
285841
285860
285862
285864
285872
285880
286005
286030
286031
286114
286121
286127
286241
286242
286243
286248
286249
286253
286256
286260
286267
286275
286281
286284
286286
286320
286322
286404
286470
286497
286539
286546
286614
286615
286673
286675
286744
286747
286857
286860
286862
286864
286866
286879
286952
286967
286968
286983
287032
287060
287061
287065
287073
287189
287223
287292
287295
287338
287449
287584
287639
287760
287762
287786
287787
287806
287914
287974
287988
288079
288160
288424
288536
288555
288820
288822
288824
288842
288881
288882
288884
288886
288887
288953
288974
289112
289117
289158
289161
289336
289475
289492
289493
289494
289498
289505
289509
289528
289725
289863
290157
290189
290305
290306
290324
290388
290439
290542
290677
290789
290818
290842
290924
290926
290964
290965
290971
291037
291038
291052
291164
291189
291190
291192
291198
291199
291205
291210
291238
291275
291360
291503
291509
291513
291515
291591
291592
291623
291626
291632
291635
291638
291990
292009
292025
292042
292044
292088
292161
292162
292261
292262
292268
292269
292291
292294
292296
292380
292427
292448
292539
292570
292665
292795
292824
292825
292857
292888
292890
292891
292893
292969
293078
293200
293250
293285
293313
293319
293464
293468
293472
293634
293635
293636
293707
293708
293947
293960
293990
293992
293994
294086
294228
294261
294273
294285
294286
294329
294361
294363
294451
294454
294490
294662
294849
294855
294915
294922
294923
294927
294947
294948
294951
294964
294968
294970
294979
294995
295214
295221
295332
295334
295387
295389
295391
295409
295421
295433
295437
295441
295443
295475
295521
295568
295600
295602
295604
295668
295707
295770
295782
295797
295799
295822
295823
295836
295837
295881
295882
296037
296146
296200
296201
296202
296203
296204
296207
296309
296311
296312
296322
296324
296325
296326
296327
296329
296330
296331
296392
296499
296500
296501
296502
296505
296506
296507
296510
296511
296580
296585
296756
296758
296766
296969
296974
297086
297093
297101
297139
297296
297313
297388
297395
297436
297444
297497
297573
297638
297697
297698
297762
297767
297770
297772
297773
297781
297782
297806
298056
298061
298115
298121
298145
298419
298449
298467
298477
298520
298583
298659
298785
298806
298905
298987
298990
298991
299003
299006
299009
299013
299033
299034
299037
299042
299085
299145
299358
299359
299364
299506
299532
299544
299549
299556
299560
299565
299583
299617
299684
299691
299726
299728
299819
299822
299857
299858
299861
299862
299863
299867
299868
299869
299870
299874
299993
299994
300034
300096
300107
300117
300155
300156
300157
300326
300334
300364
300401
300535
300548
300668
300894
300929
300974
301029
301117
301121
301123
301124
301166
301169
301247
301255
301270
301397
301398
301429
301445
301493
301506
301689
301696
301757
301761
301762
301769
301770
301798
301804
301828
301929
301930
302083
302088
302104
302106
302122
302127
302206
302214
302230
302244
302254
302257
302260
302548
302572
302612
302672
302690
302722
302989
303013
303020
303173
303217
303260
303412
303536
303537
303540
303624
303634
303667
303670
303671
303672
303673
303687
303688
303689
303703
303704
303711
303716
303717
303719
303722
303791
303796
303798
303799
303807
303809
303910
303911
303912
303917
303926
303927
303928
303929
303930
303940
303941
303942
303943
304065
304067
304081
304154
304204
304238
304243
304260
304269
304475
304486
304502
304703
304888
304955
304958
305040
305041
305042
305111
305188
305254
305326
305340
305360
305448
305478
305502
305503
305604
305659
305664
305779
305787
305791
305795
305796
305860
305990
305991
305995
306002
306018
306024
306025
306031
306033
306044
306045
306052
306151
306153
306160
306257
306326
306332
306373
306485
306502
306617
306618
306663
306666
306675
306690
306691
306747
306749
306753
307012
307131
307176
307182
307194
307364
307370
307372
307375
307443
307482
307484
307532
307533
307563
307637
307711
307741
307835
307971
308091
308099
308104
308115
308140
308143
308154
308209
308251
308252
308341
308370
308421
308422
308449
308455
308460
308462
308527
308528
308531
308534
308536
308548
308568
308623
308636
308676
308824
308867
308883
308906
308907
308910
308916
308925
309079
309082
309094
309105
309133
309134
309151
309163
309185
309203
309205
309206
309207
309338
309340
309371
309374
309379
309381
309387
309389
309441
309487
309513
309660
309696
309700
309701
309704
309706
309707
309708
309716
309744
309919
309964
309968
309984
309987
309989
309993
310002
310003
310011
310122
310309
310318
310320
310556
310558
310632
310645
310648
310650
310667
310675
310775
310777
310821
310823
310827
310828
310928
310982
311092
311094
311096
311098
311100
311210
311302
311311
311314
311326
311335
311358
311369
311384
311421
311612
311702
311715
311773
311777
311796
311797
311821
311875
311913
311914
311925
311944
311949
311970
312011
312027
312028
312068
312103
312104
312105
312106
312108
312113
312114
312116
312178
312181
312263
312292
312293
312322
312386
312390
312412
312417
312428
312477
312478
312494
312501
312505
312557
312576
312683
312684
312688
312693
312798
312871
312875
312879
312937
312964
313011
313015
313018
313019
313023
313041
313056
313107
313122
313193
313202
313204
313209
313210
313214
313232
313320
313365
313375
313405
313406
313421
313478
313617
313660
313669
313674
313676
313742
313751
313755
313807
313813
313814
313815
313816
313820
313833
313834
313838
313839
313840
313842
313844
313847
313876
313882
313944
313983
314025
314027
314117
314170
314178
314217
314244
314277
314454
314570
314573
314576
314661
314662
314694
314769
314772
314773
314774
314862
314951
314966
314970
315290
315296
315371
315414
315466
315489
315499
315501
315608
315770
315803
315804
315854
316089
316094
316242
316256
316259
316277
316292
316307
316311
316318
316322
316325
316329
316335
316336
316338
316340
316346
316349
316461
316515
316552
316554
316672
316684
316765
316768
316837
316851
316852
316985
317036
317038
317041
317141
317143
317215
317236
317238
317307
317323
317324
317332
317338
317342
317354
317355
317356
317357
317460
317484
317488
317745
317782
318152
318158
318160
318188
318230
318574
318697
318704
318711
318742
318765
318767
318769
318817
318831
318832
318841
318846
318895
318907
319001
319020
319128
319137
319140
319141
319142
319144
319145
319146
319171
319256
319266
319287
319297
319329
319350
319352
319436
319451
319563
319568
319695
319696
319707
319827
319828
319841
319970
320021
320101
320102
320103
320370
320439
320445
320448
320758
320778
320882
320883
320921
320937
320943
320951
320993
320995
321020
321042
321043
321046
321048
321104
321276
321354
321355
321358
321376
321379
321444
321450
321459
321461
321636
321686
321892
321914
321918
321934
321951
321984
321988
322060
322087
322112
322120
322129
322396
322500
322617
322636
322642
322681
322684
